OBJECTID,Od,Aleket,Comments,X,Y
1,1.000000000000000,1.000000000000000, ,247933.059999999590000,704860.259999999780000
2,2.000000000000000,1.000000000000000, ,247934.259999999780000,704849.990000000220000
3,3.000000000000000,1.000000000000000, ,247934.759999999780000,704838.990000000220000
4,4.000000000000000,1.000000000000000, ,247936.259999999780000,704828.990000000220000
5,5.000000000000000,1.000000000000000, ,247937.469999999740000,704818.400000000370000
6,6.000000000000000,1.000000000000000, ,247938.799999999810000,704808.099999999630000
7,7.000000000000000,1.000000000000000, ,247940.019999999550000,704797.089999999850000
8,8.000000000000000,1.000000000000000, ,247941.240000000220000,704787.259999999780000
9,9.000000000000000,1.000000000000000, ,247942.110000000340000,704775.599999999630000
10,10.000000000000000,1.000000000000000, ,247942.910000000150000,704765.800000000750000
11,11.000000000000000,1.000000000000000, ,247944.099999999630000,704755.240000000220000
12,12.000000000000000,1.000000000000000, ,247945.280000000260000,704745.210000000890000
13,13.000000000000000,1.000000000000000, ,247945.709999999960000,704734.890000000600000
14,14.000000000000000,1.000000000000000, ,247947.269999999550000,704722.929999999700000
15,15.000000000000000,1.000000000000000, ,247948.419999999930000,704712.580000000070000
16,16.000000000000000,1.000000000000000, ,247949.120000000110000,704701.310000000520000
17,17.000000000000000,1.000000000000000, ,247950.419999999930000,704689.410000000150000
18,18.000000000000000,1.000000000000000, ,247951.610000000340000,704677.919999999930000
19,19.000000000000000,1.000000000000000, ,247952.809999999590000,704666.250000000000000
20,20.000000000000000,1.000000000000000,Include water lines,247954.009999999780000,704655.449999999250000
21,21.000000000000000,1.000000000000000, ,247956.000000000000000,704635.419999999930000
22,22.000000000000000,1.000000000000000, ,247957.419999999930000,704624.289999999110000
23,23.000000000000000,2.000000000000000, ,247958.799999999810000,704612.179999999700000
24,24.000000000000000,2.000000000000000, ,247960.200000000190000,704600.679999999700000
25,25.000000000000000,2.000000000000000, ,247961.610000000340000,704589.050000000750000
26,26.000000000000000,1.000000000000000, ,247962.309999999590000,704578.949999999250000
27,27.000000000000000,1.000000000000000, ,247963.469999999740000,704567.189999999480000
28,28.000000000000000,1.000000000000000, ,247965.179999999700000,704553.400000000370000
29,29.000000000000000,1.000000000000000, ,247966.480000000450000,704542.699999999250000
30,30.000000000000000,1.000000000000000, ,247967.839999999850000,704531.369999999180000
31,31.000000000000000,1.000000000000000, ,247968.740000000220000,704521.470000000670000
32,32.000000000000000,1.000000000000000, ,247969.700000000190000,704509.369999999180000
33,33.000000000000000,1.000000000000000, ,247970.700000000190000,704497.169999999930000
34,34.000000000000000,1.000000000000000, ,247971.750000000000000,704485.140000000600000
35,35.000000000000000,1.000000000000000, ,247972.889999999660000,704473.369999999180000
36,36.000000000000000,1.000000000000000, ,247974.530000000260000,704462.460000000890000
37,37.000000000000000,1.000000000000000, ,247975.580000000070000,704451.009999999780000
38,38.000000000000000,1.000000000000000, ,247976.980000000450000,704439.410000000150000
39,39.000000000000000,1.000000000000000, ,247978.110000000340000,704428.369999999180000
40,40.000000000000000,1.000000000000000, ,247979.540000000040000,704416.580000000070000
41,41.000000000000000,1.000000000000000, ,247981.040000000040000,704406.279999999330000
42,42.000000000000000,1.000000000000000, ,247981.679999999700000,704395.439999999480000
43,43.000000000000000,1.000000000000000, ,247982.879999999890000,704384.939999999480000
44,44.000000000000000,1.000000000000000, ,247983.660000000150000,704374.660000000150000
45,45.000000000000000,1.000000000000000, ,247985.259999999780000,704363.470000000670000
46,46.000000000000000,1.000000000000000, ,247986.980000000450000,704352.990000000220000
47,47.000000000000000,1.000000000000000, ,247987.879999999890000,704341.820000000300000
48,48.000000000000000,1.000000000000000, ,247988.879999999890000,704330.320000000300000
49,49.000000000000000,1.000000000000000, ,247990.389999999660000,704319.560000000520000
50,50.000000000000000,1.000000000000000, ,247990.990000000220000,704308.359999999400000
51,51.000000000000000,1.000000000000000, ,247992.580000000070000,704296.939999999480000
52,52.000000000000000,1.000000000000000, ,247993.250000000000000,704285.810000000520000
53,53.000000000000000,1.000000000000000, ,247994.440000000410000,704274.660000000150000
54,54.000000000000000,1.000000000000000, ,247995.339999999850000,704266.359999999400000
55,55.000000000000000,1.000000000000000, ,247996.049999999810000,704255.859999999400000
56,56.000000000000000,1.000000000000000, ,247997.870000000110000,704244.080000000070000
57,57.000000000000000,1.000000000000000, ,247998.900000000370000,704231.599999999630000
58,58.000000000000000,1.000000000000000,Include water lines,248000.530000000260000,704221.949999999250000
59,59.000000000000000,1.000000000000000, ,248002.629999999890000,704209.550000000750000
60,60.000000000000000,1.000000000000000, ,248003.179999999700000,704196.929999999700000
61,61.000000000000000,1.000000000000000, ,248004.629999999890000,704184.130000000820000
62,62.000000000000000,1.000000000000000, ,248005.879999999890000,704172.189999999480000
63,63.000000000000000,1.000000000000000, ,248007.000000000000000,704160.330000000070000
64,64.000000000000000,1.000000000000000, ,248008.419999999930000,704149.429999999700000
65,65.000000000000000,1.000000000000000, ,248009.860000000340000,704137.560000000520000
66,66.000000000000000,1.000000000000000, ,248011.030000000260000,704124.720000000670000
67,67.000000000000000,1.000000000000000, ,248012.379999999890000,704112.539999999110000
68,68.000000000000000,2.000000000000000, ,248013.280000000260000,704102.099999999630000
69,69.000000000000000,1.000000000000000, ,248014.879999999890000,704089.519999999550000
70,70.000000000000000,1.000000000000000, ,248015.780000000260000,704078.419999999930000
71,71.000000000000000,1.000000000000000, ,248016.650000000370000,704065.189999999480000
72,72.000000000000000,1.000000000000000, ,248018.339999999850000,704052.960000000890000
73,73.000000000000000,1.000000000000000, ,248019.639999999660000,704041.490000000220000
74,74.000000000000000,1.000000000000000, ,248020.440000000410000,704028.490000000220000
75,75.000000000000000,1.000000000000000, ,248022.209999999960000,704016.349999999630000
76,76.000000000000000,2.000000000000000, ,247998.599999999630000,704009.109999999400000
77,77.000000000000000,2.000000000000000, ,247998.099999999630000,704019.910000000150000
78,78.000000000000000,2.000000000000000, ,247996.660000000150000,704030.980000000450000
79,79.000000000000000,1.000000000000000, ,247995.469999999740000,704042.050000000750000
80,80.000000000000000,2.000000000000000, ,247994.070000000300000,704052.949999999250000
81,81.000000000000000,2.000000000000000, ,247993.540000000040000,704062.609999999400000
82,82.000000000000000,2.000000000000000, ,247991.839999999850000,704073.210000000890000
83,83.000000000000000,2.000000000000000, ,247990.740000000220000,704084.359999999400000
84,84.000000000000000,2.000000000000000, ,247989.599999999630000,704095.589999999850000
85,85.000000000000000,2.000000000000000, ,247988.830000000070000,704105.810000000520000
86,86.000000000000000,2.000000000000000, ,247987.530000000260000,704115.710000000890000
87,87.000000000000000,2.000000000000000, ,247986.049999999810000,704125.150000000370000
88,88.000000000000000,2.000000000000000, ,247985.339999999850000,704137.380000000820000
89,89.000000000000000,1.000000000000000, ,247983.660000000150000,704148.789999999110000
90,90.000000000000000,2.000000000000000, ,247982.660000000150000,704158.289999999110000
91,91.000000000000000,2.000000000000000, ,247981.959999999960000,704168.289999999110000
92,92.000000000000000,2.000000000000000, ,247980.990000000220000,704178.869999999180000
93,93.000000000000000,2.000000000000000, ,247979.769999999550000,704189.650000000370000
94,94.000000000000000,2.000000000000000, ,247978.580000000070000,704200.869999999180000
95,95.000000000000000,2.000000000000000,Include water lines,247977.339999999850000,704212.570000000300000
96,96.000000000000000,2.000000000000000, ,247974.929999999700000,704227.880000000820000
97,97.000000000000000,2.000000000000000, ,247973.929999999700000,704237.779999999330000
98,98.000000000000000,2.000000000000000, ,247972.709999999960000,704247.830000000070000
99,99.000000000000000,2.000000000000000, ,247972.009999999780000,704257.029999999330000
100,100.000000000000000,2.000000000000000, ,247971.240000000220000,704267.779999999330000
101,101.000000000000000,2.000000000000000, ,247970.089999999850000,704278.490000000220000
102,102.000000000000000,2.000000000000000, ,247969.040000000040000,704288.539999999110000
103,103.000000000000000,2.000000000000000, ,247968.049999999810000,704299.509999999780000
104,104.000000000000000,2.000000000000000, ,247966.589999999850000,704309.250000000000000
105,105.000000000000000,2.000000000000000, ,247965.790000000040000,704319.050000000750000
106,106.000000000000000,2.000000000000000, ,247965.169999999930000,704329.720000000670000
107,107.000000000000000,2.000000000000000, ,247963.589999999850000,704341.400000000370000
108,108.000000000000000,2.000000000000000, ,247962.349999999630000,704353.310000000520000
109,109.000000000000000,2.000000000000000, ,247961.490000000220000,704363.890000000600000
110,110.000000000000000,2.000000000000000, ,247959.349999999630000,704374.250000000000000
111,111.000000000000000,2.000000000000000, ,247958.500000000000000,704386.339999999850000
112,112.000000000000000,2.000000000000000, ,247957.400000000370000,704397.060000000520000
113,113.000000000000000,1.000000000000000, ,247956.440000000410000,704405.539999999110000
114,114.000000000000000,1.000000000000000, ,247954.839999999850000,704416.640000000600000
115,115.000000000000000,1.000000000000000, ,247953.660000000150000,704426.630000000820000
116,116.000000000000000,1.000000000000000, ,247952.450000000190000,704441.169999999930000
117,117.000000000000000,1.000000000000000, ,247950.959999999960000,704452.080000000070000
118,118.000000000000000,1.000000000000000, ,247949.879999999890000,704462.890000000600000
119,119.000000000000000,1.000000000000000, ,247949.330000000070000,704475.119999999180000
120,120.000000000000000,1.000000000000000, ,247948.330000000070000,704485.619999999180000
121,121.000000000000000,2.000000000000000, ,247947.030000000260000,704496.759999999780000
122,122.000000000000000,1.000000000000000, ,247945.549999999810000,704508.279999999330000
123,123.000000000000000,1.000000000000000, ,247943.839999999850000,704519.410000000150000
124,124.000000000000000,1.000000000000000, ,247942.740000000220000,704529.009999999780000
125,125.000000000000000,1.000000000000000, ,247942.030000000260000,704539.660000000150000
126,126.000000000000000,1.000000000000000, ,247941.120000000110000,704551.269999999550000
127,127.000000000000000,1.000000000000000, ,247939.620000000110000,704561.769999999550000
128,128.000000000000000,1.000000000000000, ,247939.290000000040000,704572.679999999700000
129,129.000000000000000,1.000000000000000, ,247937.339999999850000,704583.310000000520000
130,130.000000000000000,1.000000000000000, ,247936.799999999810000,704593.400000000370000
131,131.000000000000000,1.000000000000000, ,247935.799999999810000,704604.050000000750000
132,132.000000000000000,1.000000000000000, ,247934.660000000150000,704613.789999999110000
133,133.000000000000000,1.000000000000000, ,247933.160000000150000,704624.289999999110000
134,134.000000000000000,1.000000000000000,Include water lines,247932.219999999740000,704634.750000000000000
135,135.000000000000000,1.000000000000000, ,247930.440000000410000,704652.640000000600000
136,136.000000000000000,1.000000000000000, ,247929.240000000220000,704663.640000000600000
137,137.000000000000000,1.000000000000000, ,247927.990000000220000,704675.009999999780000
138,138.000000000000000,1.000000000000000, ,247926.589999999850000,704687.240000000220000
139,139.000000000000000,1.000000000000000, ,247926.299999999810000,704697.419999999930000
140,140.000000000000000,1.000000000000000, ,247924.809999999590000,704708.130000000820000
141,141.000000000000000,1.000000000000000, ,247923.379999999890000,704717.800000000750000
142,142.000000000000000,1.000000000000000, ,247922.570000000300000,704729.410000000150000
143,143.000000000000000,1.000000000000000, ,247921.299999999810000,704741.080000000070000
144,144.000000000000000,1.000000000000000, ,247919.200000000190000,704751.619999999180000
145,145.000000000000000,1.000000000000000, ,247918.799999999810000,704762.320000000300000
146,146.000000000000000,1.000000000000000, ,247917.490000000220000,704774.240000000220000
147,147.000000000000000,1.000000000000000, ,247916.530000000260000,704785.480000000450000
148,148.000000000000000,1.000000000000000, ,247915.330000000070000,704797.000000000000000
149,149.000000000000000,1.000000000000000, ,247914.059999999590000,704807.810000000520000
150,150.000000000000000,1.000000000000000, ,247912.370000000110000,704818.779999999330000
151,151.000000000000000,1.000000000000000, ,247911.780000000260000,704830.949999999250000
152,152.000000000000000,1.000000000000000, ,247910.070000000300000,704842.849999999630000
153,153.000000000000000,1.000000000000000, ,247908.570000000300000,704853.550000000750000
154,154.000000000000000,1.000000000000000, ,247884.830000000070000,704856.679999999700000
155,155.000000000000000,1.000000000000000, ,247885.629999999890000,704845.580000000070000
156,156.000000000000000,1.000000000000000, ,247887.250000000000000,704833.839999999850000
157,157.000000000000000,1.000000000000000, ,247888.349999999630000,704821.140000000600000
158,158.000000000000000,1.000000000000000, ,247889.660000000150000,704810.449999999250000
159,159.000000000000000,1.000000000000000, ,247890.759999999780000,704798.880000000820000
160,160.000000000000000,1.000000000000000, ,247892.459999999960000,704787.080000000070000
161,161.000000000000000,1.000000000000000, ,247893.929999999700000,704775.699999999250000
162,162.000000000000000,1.000000000000000, ,247894.929999999700000,704764.330000000070000
163,163.000000000000000,1.000000000000000, ,247896.230000000450000,704754.429999999700000
164,164.000000000000000,1.000000000000000, ,247897.629999999890000,704743.130000000820000
165,165.000000000000000,1.000000000000000, ,247898.469999999740000,704732.080000000070000
166,166.000000000000000,2.000000000000000, ,247899.160000000150000,704721.189999999480000
167,167.000000000000000,1.000000000000000, ,247898.509999999780000,704711.050000000750000
168,168.000000000000000,2.000000000000000, ,247899.209999999960000,704700.449999999250000
169,169.000000000000000,2.000000000000000, ,247900.809999999590000,704688.939999999480000
170,170.000000000000000,2.000000000000000, ,247902.190000000410000,704678.300000000750000
171,171.000000000000000,2.000000000000000,Include water lines,247903.219999999740000,704666.599999999630000
172,172.000000000000000,2.000000000000000, ,247906.059999999590000,704643.669999999930000
173,173.000000000000000,2.000000000000000, ,247907.280000000260000,704633.640000000600000
174,174.000000000000000,2.000000000000000, ,247908.080000000070000,704623.039999999110000
175,175.000000000000000,2.000000000000000, ,247909.290000000040000,704613.890000000600000
176,176.000000000000000,2.000000000000000, ,247909.719999999740000,704604.439999999480000
177,177.000000000000000,2.000000000000000, ,247911.349999999630000,704594.439999999480000
178,178.000000000000000,2.000000000000000, ,247912.549999999810000,704583.970000000670000
179,179.000000000000000,2.000000000000000, ,247913.450000000190000,704573.769999999550000
180,180.000000000000000,2.000000000000000, ,247914.650000000370000,704564.169999999930000
181,181.000000000000000,2.000000000000000, ,247915.790000000040000,704553.460000000890000
182,182.000000000000000,2.000000000000000, ,247916.459999999960000,704543.580000000070000
183,183.000000000000000,2.000000000000000, ,247918.230000000450000,704533.019999999550000
184,184.000000000000000,2.000000000000000, ,247919.009999999780000,704522.640000000600000
185,185.000000000000000,2.000000000000000, ,247920.209999999960000,704512.140000000600000
186,186.000000000000000,2.000000000000000, ,247921.339999999850000,704502.080000000070000
187,187.000000000000000,2.000000000000000, ,247922.679999999700000,704490.470000000670000
188,188.000000000000000,2.000000000000000, ,247923.740000000220000,704480.019999999550000
189,189.000000000000000,2.000000000000000, ,247924.919999999930000,704468.490000000220000
190,190.000000000000000,2.000000000000000, ,247925.900000000370000,704459.039999999110000
191,191.000000000000000,2.000000000000000, ,247927.299999999810000,704448.169999999930000
192,192.000000000000000,2.000000000000000, ,247928.700000000190000,704438.070000000300000
193,193.000000000000000,2.000000000000000, ,247929.400000000370000,704428.070000000300000
194,194.000000000000000,2.000000000000000, ,247930.320000000300000,704417.199999999250000
195,195.000000000000000,2.000000000000000, ,247931.379999999890000,704406.359999999400000
196,196.000000000000000,2.000000000000000, ,247932.750000000000000,704394.630000000820000
197,197.000000000000000,2.000000000000000, ,247933.719999999740000,704384.189999999480000
198,198.000000000000000,2.000000000000000, ,247935.190000000410000,704372.439999999480000
199,199.000000000000000,2.000000000000000, ,247936.230000000450000,704362.169999999930000
200,200.000000000000000,2.000000000000000, ,247937.129999999890000,704350.970000000670000
201,201.000000000000000,2.000000000000000, ,247938.419999999930000,704339.500000000000000
202,202.000000000000000,2.000000000000000, ,247939.120000000110000,704330.000000000000000
203,203.000000000000000,2.000000000000000, ,247940.620000000110000,704319.060000000520000
204,204.000000000000000,2.000000000000000, ,247941.860000000340000,704307.380000000820000
205,205.000000000000000,2.000000000000000, ,247943.250000000000000,704296.919999999930000
206,206.000000000000000,2.000000000000000, ,247944.110000000340000,704285.599999999630000
207,207.000000000000000,2.000000000000000, ,247945.809999999590000,704275.130000000820000
208,208.000000000000000,2.000000000000000, ,247946.309999999590000,704264.730000000450000
209,209.000000000000000,2.000000000000000, ,247947.410000000150000,704254.630000000820000
210,210.000000000000000,2.000000000000000, ,247948.820000000300000,704244.580000000070000
211,211.000000000000000,2.000000000000000, ,247949.809999999590000,704234.150000000370000
212,212.000000000000000,2.000000000000000,Include water lines,247950.750000000000000,704222.009999999780000
213,213.000000000000000,2.000000000000000, ,247952.580000000070000,704206.660000000150000
214,214.000000000000000,2.000000000000000, ,247953.969999999740000,704197.099999999630000
215,215.000000000000000,2.000000000000000, ,247954.889999999660000,704186.330000000070000
216,216.000000000000000,2.000000000000000, ,247956.290000000040000,704176.259999999780000
217,217.000000000000000,2.000000000000000, ,247957.790000000040000,704166.060000000520000
218,218.000000000000000,2.000000000000000, ,247958.290000000040000,704155.060000000520000
219,219.000000000000000,2.000000000000000, ,247959.839999999850000,704144.000000000000000
220,220.000000000000000,2.000000000000000, ,247961.000000000000000,704133.310000000520000
221,221.000000000000000,2.000000000000000, ,247962.200000000190000,704123.449999999250000
222,222.000000000000000,2.000000000000000, ,247963.160000000150000,704112.359999999400000
223,223.000000000000000,2.000000000000000, ,247964.240000000220000,704101.560000000520000
224,224.000000000000000,2.000000000000000, ,247965.339999999850000,704091.660000000150000
225,225.000000000000000,2.000000000000000, ,247966.230000000450000,704081.669999999930000
226,226.000000000000000,2.000000000000000, ,247967.620000000110000,704071.300000000750000
227,227.000000000000000,2.000000000000000, ,247968.620000000110000,704060.589999999850000
228,228.000000000000000,2.000000000000000, ,247969.559999999590000,704050.380000000820000
229,229.000000000000000,2.000000000000000, ,247970.459999999960000,704040.179999999700000
230,230.000000000000000,2.000000000000000, ,247971.700000000190000,704030.960000000890000
231,231.000000000000000,2.000000000000000, ,247973.009999999780000,704020.890000000600000
232,232.000000000000000,2.000000000000000, ,247974.110000000340000,704010.849999999630000
233,233.000000000000000,2.000000000000000, ,247951.080000000070000,704007.820000000300000
234,234.000000000000000,2.000000000000000, ,247949.759999999780000,704018.130000000820000
235,235.000000000000000,2.000000000000000, ,247948.959999999960000,704028.029999999330000
236,236.000000000000000,2.000000000000000, ,247947.690000000410000,704037.820000000300000
237,237.000000000000000,2.000000000000000, ,247946.049999999810000,704047.880000000820000
238,238.000000000000000,2.000000000000000, ,247945.030000000260000,704057.880000000820000
239,239.000000000000000,2.000000000000000, ,247943.599999999630000,704068.130000000820000
240,240.000000000000000,2.000000000000000, ,247942.730000000450000,704079.869999999180000
241,241.000000000000000,1.000000000000000, ,247941.509999999780000,704089.689999999480000
242,242.000000000000000,2.000000000000000, ,247939.940000000410000,704098.449999999250000
243,243.000000000000000,2.000000000000000, ,247939.139999999660000,704107.750000000000000
244,244.000000000000000,2.000000000000000, ,247937.860000000340000,704117.669999999930000
245,245.000000000000000,2.000000000000000, ,247937.269999999550000,704128.580000000070000
246,246.000000000000000,2.000000000000000, ,247936.089999999850000,704138.140000000600000
247,247.000000000000000,2.000000000000000, ,247935.230000000450000,704149.380000000820000
248,248.000000000000000,1.000000000000000, ,247934.150000000370000,704158.300000000750000
249,249.000000000000000,1.000000000000000, ,247932.500000000000000,704168.650000000370000
250,250.000000000000000,1.000000000000000, ,247930.820000000300000,704180.169999999930000
251,251.000000000000000,2.000000000000000, ,247929.919999999930000,704190.689999999480000
252,252.000000000000000,2.000000000000000, ,247928.719999999740000,704200.289999999110000
253,253.000000000000000,2.000000000000000,Include water lines,247927.900000000370000,704210.900000000370000
254,254.000000000000000,3.000000000000000,Secend check,247860.259999999780000,704860.269999999550000
255,255.000000000000000,3.000000000000000, ,247862.080000000070000,704849.609999999400000
256,256.000000000000000,3.000000000000000, ,247861.849999999630000,704840.699999999250000
257,257.000000000000000,3.000000000000000, ,247863.669999999930000,704829.910000000150000
258,258.000000000000000,3.000000000000000, ,247864.709999999960000,704817.689999999480000
259,259.000000000000000,3.000000000000000, ,247864.860000000340000,704807.919999999930000
260,260.000000000000000,3.000000000000000, ,247866.269999999550000,704796.640000000600000
261,261.000000000000000,2.000000000000000, ,247867.570000000300000,704786.109999999400000
262,262.000000000000000,2.000000000000000, ,247868.219999999740000,704773.810000000520000
263,263.000000000000000,3.000000000000000, ,247870.169999999930000,704760.679999999700000
264,264.000000000000000,2.000000000000000, ,247870.849999999630000,704752.179999999700000
265,265.000000000000000,2.000000000000000, ,247872.410000000150000,704739.960000000890000
266,266.000000000000000,3.000000000000000, ,247873.259999999780000,704730.189999999480000
267,267.000000000000000,2.000000000000000, ,247874.429999999700000,704719.140000000600000
268,268.000000000000000,2.000000000000000, ,247876.059999999590000,704708.099999999630000
269,269.000000000000000,2.000000000000000, ,247877.330000000070000,704697.230000000450000
270,270.000000000000000,2.000000000000000, ,247878.500000000000000,704686.179999999700000
271,271.000000000000000,3.000000000000000, ,247880.299999999810000,704676.349999999630000
272,272.000000000000000,2.000000000000000, ,247881.469999999740000,704665.429999999700000
273,273.000000000000000,3.000000000000000,Include way,247882.540000000040000,704655.910000000150000
274,274.000000000000000,3.000000000000000, ,247883.940000000410000,704642.070000000300000
275,275.000000000000000,3.000000000000000, ,247885.740000000220000,704631.029999999330000
276,276.000000000000000,3.000000000000000, ,247886.519999999550000,704620.240000000220000
277,277.000000000000000,3.000000000000000, ,247888.360000000340000,704609.529999999330000
278,278.000000000000000,3.000000000000000, ,247889.269999999550000,704597.179999999700000
279,279.000000000000000,3.000000000000000, ,247890.870000000110000,704585.060000000520000
280,280.000000000000000,3.000000000000000, ,247892.769999999550000,704571.890000000600000
281,281.000000000000000,3.000000000000000, ,247893.540000000040000,704561.529999999330000
282,282.000000000000000,3.000000000000000, ,247894.719999999740000,704550.330000000070000
283,283.000000000000000,3.000000000000000, ,247895.759999999780000,704538.500000000000000
284,284.000000000000000,3.000000000000000, ,247897.120000000110000,704526.910000000150000
285,285.000000000000000,3.000000000000000, ,247898.540000000040000,704514.529999999330000
286,286.000000000000000,3.000000000000000, ,247899.709999999960000,704502.439999999480000
287,287.000000000000000,3.000000000000000, ,247901.019999999550000,704490.380000000820000
288,288.000000000000000,3.000000000000000, ,247901.990000000220000,704476.970000000670000
289,289.000000000000000,3.000000000000000, ,247903.030000000260000,704465.789999999110000
290,290.000000000000000,3.000000000000000, ,247904.200000000190000,704453.699999999250000
291,291.000000000000000,3.000000000000000,Include way,247905.339999999850000,704442.250000000000000
292,292.000000000000000,3.000000000000000, ,247907.309999999590000,704427.599999999630000
293,293.000000000000000,3.000000000000000, ,247908.349999999630000,704418.109999999400000
294,294.000000000000000,3.000000000000000, ,247909.259999999780000,704406.929999999700000
295,295.000000000000000,3.000000000000000, ,247910.299999999810000,704394.189999999480000
296,296.000000000000000,3.000000000000000, ,247911.709999999960000,704382.240000000220000
297,297.000000000000000,3.000000000000000, ,247912.879999999890000,704370.150000000370000
298,298.000000000000000,3.000000000000000, ,247913.929999999700000,704359.279999999330000
299,299.000000000000000,3.000000000000000, ,247915.370000000110000,704347.490000000220000
300,300.000000000000000,3.000000000000000, ,247915.610000000340000,704334.980000000450000
301,301.000000000000000,3.000000000000000, ,247916.389999999660000,704324.320000000300000
302,302.000000000000000,3.000000000000000, ,247917.969999999740000,704313.369999999180000
303,303.000000000000000,3.000000000000000, ,247919.389999999660000,704301.050000000750000
304,304.000000000000000,3.000000000000000, ,247920.559999999590000,704288.439999999480000
305,305.000000000000000,3.000000000000000, ,247921.540000000040000,704278.880000000820000
306,306.000000000000000,3.000000000000000, ,247922.889999999660000,704268.509999999780000
307,307.000000000000000,3.000000000000000, ,247923.799999999810000,704256.679999999700000
308,308.000000000000000,3.000000000000000, ,247924.889999999660000,704244.500000000000000
309,309.000000000000000,3.000000000000000, ,247926.370000000110000,704232.980000000450000
310,310.000000000000000,3.000000000000000, ,247927.410000000150000,704221.539999999110000
311,311.000000000000000,2.000000000000000, ,247902.330000000070000,704214.570000000300000
312,312.000000000000000,2.000000000000000, ,247903.370000000110000,704201.570000000300000
313,313.000000000000000,2.000000000000000, ,247904.120000000110000,704189.230000000450000
314,314.000000000000000,2.000000000000000, ,247905.030000000260000,704177.140000000600000
315,315.000000000000000,1.000000000000000, ,247906.179999999700000,704166.820000000300000
316,316.000000000000000,1.000000000000000, ,247907.089999999850000,704155.769999999550000
317,317.000000000000000,1.000000000000000, ,247908.650000000370000,704144.849999999630000
318,318.000000000000000,1.000000000000000, ,247910.169999999930000,704132.779999999330000
319,319.000000000000000,1.000000000000000, ,247911.429999999700000,704121.000000000000000
320,320.000000000000000,2.000000000000000, ,247912.599999999630000,704110.339999999850000
321,321.000000000000000,2.000000000000000, ,247913.929999999700000,704099.169999999930000
322,322.000000000000000,1.000000000000000, ,247915.169999999930000,704087.369999999180000
323,323.000000000000000,1.000000000000000, ,247916.469999999740000,704076.320000000300000
324,324.000000000000000,1.000000000000000, ,247917.379999999890000,704063.710000000890000
325,325.000000000000000,1.000000000000000, ,247918.459999999960000,704052.099999999630000
326,326.000000000000000,1.000000000000000, ,247919.830000000070000,704040.560000000520000
327,327.000000000000000,1.000000000000000, ,247921.000000000000000,704029.250000000000000
328,328.000000000000000,1.000000000000000, ,247922.440000000410000,704017.689999999480000
329,329.000000000000000,2.000000000000000, ,247902.799999999810000,704226.660000000150000
330,330.000000000000000,2.000000000000000, ,247903.070000000300000,704237.169999999930000
331,331.000000000000000,2.000000000000000, ,247902.070000000300000,704248.080000000070000
332,332.000000000000000,2.000000000000000, ,247900.639999999660000,704259.000000000000000
333,333.000000000000000,2.000000000000000, ,247900.120000000110000,704269.529999999330000
334,334.000000000000000,2.000000000000000, ,247899.540000000040000,704282.869999999180000
335,335.000000000000000,2.000000000000000, ,247897.830000000070000,704293.199999999250000
336,336.000000000000000,2.000000000000000, ,247896.919999999930000,704303.730000000450000
337,337.000000000000000,2.000000000000000, ,247895.719999999740000,704316.800000000750000
338,338.000000000000000,2.000000000000000, ,247894.059999999590000,704333.500000000000000
339,339.000000000000000,2.000000000000000, ,247892.980000000450000,704347.369999999180000
340,340.000000000000000,2.000000000000000, ,247892.009999999780000,704358.429999999700000
341,341.000000000000000,2.000000000000000, ,247890.190000000410000,704371.560000000520000
342,342.000000000000000,2.000000000000000, ,247889.040000000040000,704383.140000000600000
343,343.000000000000000,2.000000000000000, ,247887.519999999550000,704395.699999999250000
344,344.000000000000000,2.000000000000000, ,247885.860000000340000,704407.839999999850000
345,345.000000000000000,2.000000000000000,Include water lines,247885.469999999740000,704419.410000000150000
346,346.000000000000000,2.000000000000000, ,247882.969999999740000,704435.699999999250000
347,347.000000000000000,2.000000000000000, ,247881.669999999930000,704445.449999999250000
348,348.000000000000000,2.000000000000000, ,247881.570000000300000,704455.300000000750000
349,349.000000000000000,2.000000000000000, ,247879.750000000000000,704469.339999999850000
350,350.000000000000000,2.000000000000000, ,247878.469999999740000,704481.390000000600000
351,351.000000000000000,2.000000000000000, ,247877.309999999590000,704493.580000000070000
352,352.000000000000000,2.000000000000000, ,247875.629999999890000,704505.119999999180000
353,353.000000000000000,2.000000000000000, ,247874.980000000450000,704515.259999999780000
354,354.000000000000000,2.000000000000000, ,247874.190000000410000,704525.300000000750000
355,355.000000000000000,2.000000000000000, ,247872.759999999780000,704536.699999999250000
356,356.000000000000000,2.000000000000000, ,247871.330000000070000,704549.310000000520000
357,357.000000000000000,2.000000000000000, ,247869.639999999660000,704560.750000000000000
358,358.000000000000000,2.000000000000000, ,247869.509999999780000,704573.169999999930000
359,359.000000000000000,2.000000000000000, ,247867.679999999700000,704584.970000000670000
360,360.000000000000000,2.000000000000000, ,247866.509999999780000,704596.929999999700000
361,361.000000000000000,2.000000000000000, ,247865.290000000040000,704609.750000000000000
362,362.000000000000000,2.000000000000000, ,247864.049999999810000,704621.349999999630000
363,363.000000000000000,2.000000000000000,Include water  line,247862.500000000000000,704632.539999999110000
364,364.000000000000000,2.000000000000000, ,247860.190000000410000,704652.679999999700000
365,365.000000000000000,2.000000000000000, ,247858.889999999660000,704662.689999999480000
366,366.000000000000000,2.000000000000000, ,247857.769999999550000,704673.960000000890000
367,367.000000000000000,2.000000000000000, ,247856.610000000340000,704685.500000000000000
368,368.000000000000000,2.000000000000000, ,247855.309999999590000,704695.220000000670000
369,369.000000000000000,2.000000000000000, ,247854.269999999550000,704707.960000000890000
370,370.000000000000000,2.000000000000000, ,247853.230000000450000,704718.880000000820000
371,371.000000000000000,2.000000000000000, ,247851.959999999960000,704729.939999999480000
372,372.000000000000000,2.000000000000000, ,247850.519999999550000,704742.240000000220000
373,373.000000000000000,2.000000000000000, ,247849.089999999850000,704753.419999999930000
374,374.000000000000000,2.000000000000000, ,247848.000000000000000,704764.849999999630000
375,375.000000000000000,2.000000000000000, ,247846.780000000260000,704775.210000000890000
376,376.000000000000000,2.000000000000000, ,247846.000000000000000,704786.779999999330000
377,377.000000000000000,2.000000000000000, ,247844.450000000190000,704797.560000000520000
378,378.000000000000000,2.000000000000000, ,247843.509999999780000,704807.759999999780000
379,379.000000000000000,2.000000000000000, ,247842.990000000220000,704817.769999999550000
380,380.000000000000000,2.000000000000000, ,247841.370000000110000,704830.720000000670000
381,381.000000000000000,2.000000000000000, ,247839.959999999960000,704840.839999999850000
382,382.000000000000000,3.000000000000000, ,247839.179999999700000,704850.720000000670000