OBJECTID,Od,Aleket,Commends,X,Y
1,968.000000000000000,0.000000000000000,First point ablek,235957.019999999550000,720942.000000000000000
2,969.000000000000000,0.000000000000000, ,235967.669999999930000,720941.929999999700000
3,970.000000000000000,0.000000000000000, ,235977.830000000070000,720942.359999999400000
4,971.000000000000000,0.000000000000000, ,235988.200000000190000,720942.720000000670000
5,972.000000000000000,0.000000000000000, ,236000.429999999700000,720942.550000000750000
6,973.000000000000000,1.000000000000000, ,236010.929999999700000,720942.630000000820000
7,974.000000000000000,1.000000000000000, ,236020.679999999700000,720942.529999999330000
8,975.000000000000000,1.000000000000000,Treatment,236031.330000000070000,720942.640000000600000
9,976.000000000000000,1.000000000000000, ,236043.450000000190000,720942.720000000670000
10,977.000000000000000,1.000000000000000, ,236055.830000000070000,720942.949999999250000
11,978.000000000000000,1.000000000000000, ,236067.870000000110000,720942.769999999550000
12,979.000000000000000,1.000000000000000, ,236079.839999999850000,720942.919999999930000
13,980.000000000000000,1.000000000000000, ,236092.820000000300000,720943.029999999330000
14,981.000000000000000,1.000000000000000,Include water lines,236104.799999999810000,720943.130000000820000
15,982.000000000000000,1.000000000000000,End treatment,236118.280000000260000,720943.130000000820000
16,983.000000000000000,1.000000000000000, ,236128.820000000300000,720943.310000000520000
17,984.000000000000000,1.000000000000000, ,236141.250000000000000,720943.259999999780000
18,985.000000000000000,1.000000000000000, ,236153.610000000340000,720943.589999999850000
19,986.000000000000000,1.000000000000000, ,236164.639999999660000,720943.570000000300000
20,987.000000000000000,1.000000000000000, ,236174.500000000000000,720943.470000000670000
21,988.000000000000000,1.000000000000000, ,236186.370000000110000,720943.539999999110000
22,989.000000000000000,1.000000000000000, ,236196.889999999660000,720943.580000000070000
23,990.000000000000000,1.000000000000000, ,236207.480000000450000,720944.289999999110000
24,991.000000000000000,1.000000000000000, ,236219.400000000370000,720942.759999999780000
25,992.000000000000000,1.000000000000000, ,236230.240000000220000,720942.740000000220000
26,993.000000000000000,1.000000000000000, ,236241.299999999810000,720943.169999999930000
27,994.000000000000000,1.000000000000000, ,236253.969999999740000,720943.519999999550000
28,995.000000000000000,1.000000000000000, ,236266.900000000370000,720943.779999999330000
29,996.000000000000000,1.000000000000000, ,236279.500000000000000,720943.699999999250000
30,997.000000000000000,1.000000000000000, ,236289.980000000450000,720943.750000000000000
31,998.000000000000000,1.000000000000000, ,236299.969999999740000,720943.919999999930000
32,999.000000000000000,1.000000000000000, ,236313.179999999700000,720944.199999999250000
33,1000.000000000000000,1.000000000000000, ,236326.459999999960000,720943.970000000670000
34,1001.000000000000000,1.000000000000000, ,236337.379999999890000,720944.550000000750000
35,1002.000000000000000,1.000000000000000, ,236347.299999999810000,720944.509999999780000
36,1003.000000000000000,1.000000000000000, ,236360.120000000110000,720944.839999999850000
37,1004.000000000000000,1.000000000000000, ,236370.089999999850000,720944.849999999630000
38,1005.000000000000000,1.000000000000000, ,236380.400000000370000,720944.650000000370000
39,1006.000000000000000,1.000000000000000, ,236392.129999999890000,720944.660000000150000
40,1007.000000000000000,2.000000000000000, ,236404.540000000040000,720945.470000000670000
41,1008.000000000000000,1.000000000000000, ,236415.959999999960000,720945.240000000220000
42,1009.000000000000000,2.000000000000000, ,236428.660000000150000,720944.839999999850000
43,1010.000000000000000,2.000000000000000, ,236441.629999999890000,720944.539999999110000
44,1011.000000000000000,2.000000000000000, ,236454.440000000410000,720944.470000000670000
45,1012.000000000000000,2.000000000000000, ,236464.889999999660000,720944.519999999550000
46,1013.000000000000000,1.000000000000000, ,236471.589999999850000,720923.330000000070000
47,1014.000000000000000,1.000000000000000, ,236459.910000000150000,720923.880000000820000
48,1015.000000000000000,1.000000000000000, ,236445.469999999740000,720923.460000000890000
49,1016.000000000000000,1.000000000000000, ,236432.009999999780000,720922.810000000520000
50,1017.000000000000000,1.000000000000000, ,236421.360000000340000,720922.400000000370000
51,1018.000000000000000,1.000000000000000, ,236408.290000000040000,720922.339999999850000
52,1019.000000000000000,2.000000000000000, ,236393.179999999700000,720922.099999999630000
53,1020.000000000000000,2.000000000000000, ,236379.259999999780000,720921.900000000370000
54,1021.000000000000000,2.000000000000000, ,236366.000000000000000,720921.710000000890000
55,1022.000000000000000,2.000000000000000, ,236352.000000000000000,720921.650000000370000
56,1023.000000000000000,2.000000000000000, ,236339.580000000070000,720921.500000000000000
57,1024.000000000000000,2.000000000000000, ,236324.459999999960000,720921.369999999180000
58,1025.000000000000000,1.000000000000000, ,236310.639999999660000,720921.199999999250000
59,1026.000000000000000,1.000000000000000, ,236296.929999999700000,720921.230000000450000
60,1027.000000000000000,1.000000000000000, ,236284.150000000370000,720921.220000000670000
61,1028.000000000000000,1.000000000000000, ,236270.740000000220000,720921.169999999930000
62,1029.000000000000000,2.000000000000000, ,236258.309999999590000,720921.210000000890000
63,1030.000000000000000,1.000000000000000, ,236249.139999999660000,720920.759999999780000
64,1031.000000000000000,1.000000000000000, ,236240.230000000450000,720920.470000000670000
65,1032.000000000000000,1.000000000000000, ,236229.330000000070000,720920.759999999780000
66,1033.000000000000000,1.000000000000000, ,236217.009999999780000,720920.800000000750000
67,1034.000000000000000,1.000000000000000, ,236204.709999999960000,720920.650000000370000
68,1035.000000000000000,1.000000000000000, ,236190.070000000300000,720920.630000000820000
69,1036.000000000000000,1.000000000000000, ,236178.070000000300000,720920.529999999330000
70,1037.000000000000000,1.000000000000000, ,236164.610000000340000,720920.619999999180000
71,1038.000000000000000,1.000000000000000, ,236154.929999999700000,720920.730000000450000
72,1039.000000000000000,1.000000000000000, ,236142.099999999630000,720920.730000000450000
73,1040.000000000000000,1.000000000000000, ,236129.629999999890000,720920.529999999330000
74,1041.000000000000000,1.000000000000000, ,236118.009999999780000,720920.449999999250000
75,1042.000000000000000,1.000000000000000, ,236106.980000000450000,720920.429999999700000
76,1043.000000000000000,1.000000000000000, ,236105.980000000450000,720919.779999999330000
77,1044.000000000000000,1.000000000000000, ,236092.830000000070000,720920.089999999850000
78,1045.000000000000000,1.000000000000000, ,236079.110000000340000,720919.910000000150000
79,1046.000000000000000,1.000000000000000, ,236065.500000000000000,720919.910000000150000
80,1047.000000000000000,1.000000000000000, ,236051.120000000110000,720919.910000000150000
81,1048.000000000000000,1.000000000000000, ,236037.679999999700000,720919.769999999550000
82,1049.000000000000000,1.000000000000000, ,236024.830000000070000,720919.830000000070000
83,1050.000000000000000,0.000000000000000, ,236010.410000000150000,720919.900000000370000
84,1051.000000000000000,1.000000000000000, ,235996.070000000300000,720919.599999999630000
85,1052.000000000000000,0.000000000000000, ,235986.410000000150000,720919.839999999850000
86,1053.000000000000000,0.000000000000000, ,235976.849999999630000,720919.679999999700000
87,1055.000000000000000,0.000000000000000, ,235968.610000000340000,720919.859999999400000
88,1056.000000000000000,2.000000000000000, ,235954.860000000340000,720919.960000000890000
89,1057.000000000000000,0.000000000000000, ,235950.799999999810000,720897.279999999330000
90,1058.000000000000000,1.000000000000000, ,235962.139999999660000,720897.390000000600000
91,1059.000000000000000,1.000000000000000, ,235974.049999999810000,720897.519999999550000
92,1060.000000000000000,1.000000000000000, ,235987.559999999590000,720897.310000000520000
93,1061.000000000000000,1.000000000000000, ,235998.330000000070000,720897.410000000150000
94,1062.000000000000000,1.000000000000000, ,236010.349999999630000,720897.390000000600000
95,1063.000000000000000,1.000000000000000, ,236019.900000000370000,720897.390000000600000
96,1064.000000000000000,1.000000000000000, ,236033.860000000340000,720897.449999999250000
97,1065.000000000000000,1.000000000000000, ,236045.230000000450000,720897.449999999250000
98,1068.000000000000000,2.000000000000000, ,236071.370000000110000,720897.880000000820000
99,1069.000000000000000,1.000000000000000, ,236081.209999999960000,720897.380000000820000
100,1070.000000000000000,1.000000000000000, ,236094.429999999700000,720897.419999999930000
101,1071.000000000000000,1.000000000000000, ,236108.349999999630000,720897.580000000070000
102,1072.000000000000000,1.000000000000000, ,236120.690000000410000,720897.619999999180000
103,1073.000000000000000,1.000000000000000, ,236133.309999999590000,720897.830000000070000
104,1074.000000000000000,2.000000000000000, ,236144.650000000370000,720897.529999999330000
105,1075.000000000000000,1.000000000000000, ,236155.370000000110000,720897.849999999630000
106,1076.000000000000000,1.000000000000000, ,236167.839999999850000,720897.650000000370000
107,1077.000000000000000,1.000000000000000, ,236179.519999999550000,720898.130000000820000
108,1078.000000000000000,1.000000000000000, ,236192.440000000410000,720897.419999999930000
109,1079.000000000000000,1.000000000000000, ,236205.719999999740000,720897.259999999780000
110,1080.000000000000000,1.000000000000000, ,236217.730000000450000,720897.720000000670000
111,1081.000000000000000,2.000000000000000, ,236231.230000000450000,720897.599999999630000
112,1082.000000000000000,2.000000000000000, ,236242.750000000000000,720898.080000000070000
113,1083.000000000000000,2.000000000000000, ,236254.969999999740000,720897.980000000450000
114,1084.000000000000000,1.000000000000000, ,236267.450000000190000,720897.660000000150000
115,1085.000000000000000,1.000000000000000, ,236279.669999999930000,720898.320000000300000
116,1086.000000000000000,1.000000000000000, ,236292.690000000410000,720898.169999999930000
117,1087.000000000000000,1.000000000000000, ,236305.330000000070000,720898.009999999780000
118,1088.000000000000000,2.000000000000000, ,236318.940000000410000,720897.960000000890000
119,1089.000000000000000,2.000000000000000, ,236332.490000000220000,720898.160000000150000
120,1090.000000000000000,1.000000000000000, ,236343.849999999630000,720898.640000000600000
121,1091.000000000000000,1.000000000000000, ,236356.599999999630000,720899.019999999550000
122,1092.000000000000000,1.000000000000000, ,236369.780000000260000,720898.830000000070000
123,1093.000000000000000,1.000000000000000, ,236381.299999999810000,720898.189999999480000
124,1094.000000000000000,1.000000000000000, ,236394.259999999780000,720899.210000000890000
125,1095.000000000000000,1.000000000000000, ,236405.139999999660000,720898.410000000150000
126,1096.000000000000000,2.000000000000000, ,236417.849999999630000,720898.490000000220000
127,1097.000000000000000,2.000000000000000, ,236428.089999999850000,720898.490000000220000
128,1098.000000000000000,2.000000000000000, ,236440.570000000300000,720898.490000000220000
129,1099.000000000000000,1.000000000000000, ,236453.250000000000000,720898.519999999550000
130,1100.000000000000000,1.000000000000000, ,236466.120000000110000,720898.900000000370000
131,1101.000000000000000,1.000000000000000, ,236462.339999999850000,720877.619999999180000
132,1102.000000000000000,1.000000000000000, ,236462.339999999850000,720875.460000000890000
133,1103.000000000000000,1.000000000000000, ,236451.459999999960000,720874.500000000000000
134,1104.000000000000000,1.000000000000000, ,236439.519999999550000,720874.699999999250000
135,1105.000000000000000,2.000000000000000, ,236429.120000000110000,720874.859999999400000
136,1106.000000000000000,2.000000000000000, ,236416.349999999630000,720874.630000000820000
137,1107.000000000000000,2.000000000000000, ,236402.910000000150000,720875.109999999400000
138,1108.000000000000000,1.000000000000000, ,236389.809999999590000,720874.669999999930000
139,1109.000000000000000,1.000000000000000, ,236377.099999999630000,720874.359999999400000
140,1110.000000000000000,1.000000000000000, ,236365.580000000070000,720874.839999999850000
141,1111.000000000000000,1.000000000000000, ,236352.889999999660000,720874.419999999930000
142,1112.000000000000000,1.000000000000000, ,236341.209999999960000,720873.779999999330000
143,1113.000000000000000,1.000000000000000, ,236328.730000000450000,720873.939999999480000
144,1114.000000000000000,1.000000000000000, ,236315.610000000340000,720874.419999999930000
145,1115.000000000000000,2.000000000000000, ,236303.740000000220000,720873.529999999330000
146,1116.000000000000000,2.000000000000000, ,236291.259999999780000,720874.009999999780000
147,1117.000000000000000,1.000000000000000, ,236278.959999999960000,720873.509999999780000
148,1118.000000000000000,1.000000000000000, ,236265.919999999930000,720873.859999999400000
149,1119.000000000000000,1.000000000000000, ,236253.599999999630000,720873.539999999110000
150,1120.000000000000000,1.000000000000000, ,236241.509999999780000,720873.509999999780000
151,1121.000000000000000,2.000000000000000, ,236227.269999999550000,720873.509999999780000
152,1122.000000000000000,1.000000000000000, ,236214.629999999890000,720873.669999999930000
153,1123.000000000000000,1.000000000000000, ,236201.830000000070000,720873.349999999630000
154,1124.000000000000000,1.000000000000000, ,236187.809999999590000,720873.089999999850000
155,1125.000000000000000,1.000000000000000, ,236175.490000000220000,720872.929999999700000
156,1126.000000000000000,2.000000000000000, ,236164.419999999930000,720873.070000000300000
157,1127.000000000000000,2.000000000000000, ,236150.809999999590000,720873.039999999110000
158,1128.000000000000000,1.000000000000000, ,236138.809999999590000,720873.199999999250000
159,1129.000000000000000,1.000000000000000, ,236125.570000000300000,720872.990000000220000
160,1130.000000000000000,1.000000000000000, ,236112.009999999780000,720872.439999999480000
161,1131.000000000000000,1.000000000000000, ,236099.370000000110000,720872.439999999480000
162,1132.000000000000000,1.000000000000000, ,236087.570000000300000,720871.730000000450000
163,1133.000000000000000,1.000000000000000, ,236076.530000000260000,720872.529999999330000
164,1134.000000000000000,1.000000000000000, ,236065.089999999850000,720872.650000000370000
165,1135.000000000000000,1.000000000000000, ,236052.099999999630000,720872.279999999330000
166,1136.000000000000000,1.000000000000000, ,236039.940000000410000,720872.279999999330000
167,1137.000000000000000,1.000000000000000, ,236028.110000000340000,720872.740000000220000
168,1138.000000000000000,1.000000000000000, ,236017.230000000450000,720872.740000000220000
169,1139.000000000000000,1.000000000000000, ,236004.150000000370000,720872.580000000070000
170,1140.000000000000000,1.000000000000000, ,235991.669999999930000,720872.439999999480000
171,1141.000000000000000,1.000000000000000, ,235980.950000000190000,720872.759999999780000
172,1142.000000000000000,0.000000000000000, ,235968.839999999850000,720872.289999999110000
173,1143.000000000000000,0.000000000000000, ,235958.280000000260000,720872.609999999400000
174,1144.000000000000000,1.000000000000000, ,235946.370000000110000,720871.730000000450000
175,1145.000000000000000,1.000000000000000, ,235936.250000000000000,720846.970000000670000
176,1146.000000000000000,1.000000000000000, ,235947.610000000340000,720847.929999999700000
177,1147.000000000000000,1.000000000000000, ,235958.679999999700000,720846.919999999930000
178,1148.000000000000000,1.000000000000000, ,235969.879999999890000,720847.720000000670000
179,1149.000000000000000,1.000000000000000, ,235984.219999999740000,720846.980000000450000
180,1150.000000000000000,1.000000000000000, ,235997.500000000000000,720846.890000000600000
181,1151.000000000000000,1.000000000000000, ,236010.139999999660000,720847.000000000000000
182,1152.000000000000000,1.000000000000000, ,236022.780000000260000,720847.320000000300000
183,1153.000000000000000,1.000000000000000, ,236036.070000000300000,720846.939999999480000
184,1154.000000000000000,1.000000000000000, ,236049.669999999930000,720846.779999999330000
185,1155.000000000000000,1.000000000000000, ,236061.209999999960000,720847.039999999110000
186,1156.000000000000000,1.000000000000000, ,236075.049999999810000,720847.140000000600000
187,1157.000000000000000,0.000000000000000, ,236087.690000000410000,720847.669999999930000
188,1158.000000000000000,1.000000000000000, ,236100.009999999780000,720847.189999999480000
189,1159.000000000000000,1.000000000000000, ,236110.570000000300000,720847.990000000220000
190,1160.000000000000000,1.000000000000000, ,236122.450000000190000,720847.710000000890000
191,1161.000000000000000,1.000000000000000, ,236134.940000000410000,720847.599999999630000
192,1162.000000000000000,1.000000000000000, ,236146.139999999660000,720847.599999999630000
193,1163.000000000000000,1.000000000000000, ,236157.589999999850000,720847.800000000750000
194,1164.000000000000000,1.000000000000000, ,236168.469999999740000,720847.800000000750000
195,1165.000000000000000,1.000000000000000, ,236181.860000000340000,720847.730000000450000
196,1166.000000000000000,1.000000000000000, ,236194.919999999930000,720847.800000000750000
197,1167.000000000000000,2.000000000000000, ,236206.759999999780000,720848.599999999630000
198,1168.000000000000000,1.000000000000000, ,236220.030000000260000,720848.070000000300000
199,1169.000000000000000,1.000000000000000, ,236232.299999999810000,720847.859999999400000
200,1170.000000000000000,1.000000000000000, ,236244.780000000260000,720848.339999999850000
201,1171.000000000000000,1.000000000000000, ,236256.980000000450000,720847.949999999250000
202,1172.000000000000000,1.000000000000000, ,236267.860000000340000,720848.589999999850000
203,1173.000000000000000,1.000000000000000, ,236279.660000000150000,720848.359999999400000
204,1174.000000000000000,1.000000000000000, ,236291.519999999550000,720848.160000000150000
205,1175.000000000000000,1.000000000000000, ,236302.400000000370000,720848.480000000450000
206,1176.000000000000000,2.000000000000000, ,236314.400000000370000,720848.279999999330000
207,1177.000000000000000,3.000000000000000, ,236325.599999999630000,720848.279999999330000
208,1178.000000000000000,1.000000000000000, ,236339.019999999550000,720848.550000000750000
209,1179.000000000000000,1.000000000000000, ,236352.700000000190000,720848.279999999330000
210,1180.000000000000000,1.000000000000000, ,236364.379999999890000,720848.759999999780000
211,1181.000000000000000,2.000000000000000, ,236376.820000000300000,720848.550000000750000
212,1182.000000000000000,2.000000000000000, ,236385.299999999810000,720849.029999999330000
213,1183.000000000000000,3.000000000000000, ,236396.889999999660000,720848.970000000670000
214,1184.000000000000000,3.000000000000000, ,236407.929999999700000,720848.810000000520000
215,1185.000000000000000,2.000000000000000, ,236419.959999999960000,720848.519999999550000
216,1186.000000000000000,2.000000000000000, ,236431.389999999660000,720848.589999999850000
217,1187.000000000000000,2.000000000000000, ,236442.429999999700000,720848.910000000150000
218,1188.000000000000000,1.000000000000000, ,236452.889999999660000,720849.259999999780000
219,1189.000000000000000,2.000000000000000, ,236453.000000000000000,720826.099999999630000
220,1190.000000000000000,2.000000000000000, ,236441.000000000000000,720826.099999999630000
221,1191.000000000000000,3.000000000000000, ,236429.629999999890000,720825.720000000670000
222,1192.000000000000000,3.000000000000000, ,236417.269999999550000,720825.369999999180000
223,1193.000000000000000,3.000000000000000, ,236405.110000000340000,720825.210000000890000
224,1194.000000000000000,2.000000000000000, ,236393.849999999630000,720825.480000000450000
225,1195.000000000000000,2.000000000000000, ,236382.809999999590000,720825.800000000750000
226,1196.000000000000000,2.000000000000000, ,236369.809999999590000,720824.970000000670000
227,1197.000000000000000,2.000000000000000, ,236358.820000000300000,720824.769999999550000
228,1198.000000000000000,2.000000000000000, ,236345.700000000190000,720824.929999999700000
229,1199.000000000000000,2.000000000000000, ,236333.740000000220000,720825.279999999330000
230,1200.000000000000000,2.000000000000000, ,236320.780000000260000,720825.119999999180000
231,1201.000000000000000,2.000000000000000, ,236309.740000000220000,720825.119999999180000
232,1202.000000000000000,1.000000000000000, ,236298.540000000040000,720825.119999999180000
233,1203.000000000000000,1.000000000000000, ,236286.540000000040000,720825.439999999480000
234,1204.000000000000000,1.000000000000000, ,236274.700000000190000,720825.119999999180000
235,1205.000000000000000,1.000000000000000, ,236262.379999999890000,720824.800000000750000
236,1206.000000000000000,1.000000000000000, ,236249.290000000040000,720825.369999999180000
237,1207.000000000000000,1.000000000000000, ,236239.690000000410000,720824.890000000600000
238,1208.000000000000000,2.000000000000000, ,236228.450000000190000,720824.380000000820000
239,1209.000000000000000,2.000000000000000, ,236219.009999999780000,720824.060000000520000
240,1210.000000000000000,2.000000000000000, ,236207.370000000110000,720824.960000000890000
241,1211.000000000000000,2.000000000000000, ,236196.169999999930000,720824.320000000300000
242,1212.000000000000000,1.000000000000000, ,236181.589999999850000,720823.839999999850000
243,1213.000000000000000,1.000000000000000, ,236170.299999999810000,720824.500000000000000
244,1214.000000000000000,1.000000000000000, ,236157.980000000450000,720824.660000000150000
245,1215.000000000000000,1.000000000000000, ,236146.150000000370000,720824.529999999330000
246,1216.000000000000000,1.000000000000000, ,236135.429999999700000,720824.689999999480000
247,1217.000000000000000,1.000000000000000, ,236123.759999999780000,720824.279999999330000
248,1218.000000000000000,1.000000000000000, ,236113.679999999700000,720824.599999999630000
249,1219.000000000000000,1.000000000000000, ,236102.320000000300000,720824.119999999180000
250,1220.000000000000000,1.000000000000000, ,236089.870000000110000,720824.400000000370000
251,1221.000000000000000,1.000000000000000, ,236079.309999999590000,720823.759999999780000
252,1222.000000000000000,1.000000000000000, ,236067.950000000190000,720823.519999999550000
253,1223.000000000000000,1.000000000000000, ,236057.070000000300000,720823.839999999850000
254,1224.000000000000000,1.000000000000000, ,236045.110000000340000,720823.539999999110000
255,1225.000000000000000,1.000000000000000, ,236032.580000000070000,720823.330000000070000
256,1226.000000000000000,1.000000000000000, ,236020.419999999930000,720823.330000000070000
257,1227.000000000000000,1.000000000000000, ,236009.139999999660000,720823.500000000000000
258,1228.000000000000000,1.000000000000000, ,235996.450000000190000,720823.310000000520000
259,1229.000000000000000,1.000000000000000, ,235984.929999999700000,720823.949999999250000
260,1230.000000000000000,1.000000000000000, ,235973.070000000300000,720823.310000000520000
261,1231.000000000000000,1.000000000000000, ,235962.349999999630000,720823.789999999110000
262,1232.000000000000000,1.000000000000000, ,235949.889999999660000,720823.919999999930000
263,1233.000000000000000,1.000000000000000, ,235940.610000000340000,720823.599999999630000
264,1234.000000000000000,1.000000000000000, ,235933.049999999810000,720802.470000000670000
265,1235.000000000000000,1.000000000000000, ,235943.169999999930000,720802.250000000000000
266,1236.000000000000000,1.000000000000000, ,235954.679999999700000,720801.839999999850000
267,1237.000000000000000,1.000000000000000, ,235966.230000000450000,720801.589999999850000
268,1238.000000000000000,1.000000000000000, ,235977.790000000040000,720801.189999999480000
269,1239.000000000000000,1.000000000000000, ,235989.929999999700000,720801.279999999330000
270,1240.000000000000000,1.000000000000000, ,236001.919999999930000,720801.179999999700000
271,1241.000000000000000,1.000000000000000, ,236014.570000000300000,720801.179999999700000
272,1242.000000000000000,1.000000000000000, ,236027.860000000340000,720800.429999999700000
273,1243.000000000000000,1.000000000000000, ,236039.480000000450000,720800.720000000670000
274,1244.000000000000000,1.000000000000000, ,236050.150000000370000,720800.830000000070000
275,1245.000000000000000,1.000000000000000, ,236061.120000000110000,720801.019999999550000
276,1246.000000000000000,1.000000000000000, ,236072.740000000220000,720801.119999999180000
277,1247.000000000000000,1.000000000000000,Include water lines,236085.309999999590000,720801.380000000820000
278,1248.000000000000000,1.000000000000000, ,236096.860000000340000,720800.060000000520000
279,1249.000000000000000,1.000000000000000, ,236109.059999999590000,720799.779999999330000
280,1250.000000000000000,2.000000000000000, ,236118.410000000150000,720800.109999999400000
281,1251.000000000000000,2.000000000000000, ,236128.780000000260000,720799.960000000890000
282,1252.000000000000000,1.000000000000000, ,236140.519999999550000,720800.029999999330000
283,1253.000000000000000,1.000000000000000, ,236150.730000000450000,720800.169999999930000
284,1254.000000000000000,2.000000000000000, ,236162.500000000000000,720800.279999999330000
285,1255.000000000000000,2.000000000000000, ,236174.450000000190000,720800.080000000070000
286,1256.000000000000000,2.000000000000000, ,236186.919999999930000,720800.179999999700000
287,1257.000000000000000,2.000000000000000, ,236198.980000000450000,720800.000000000000000
288,1258.000000000000000,2.000000000000000, ,236210.400000000370000,720800.410000000150000
289,1259.000000000000000,2.000000000000000, ,236222.150000000370000,720800.599999999630000
290,1260.000000000000000,1.000000000000000, ,236233.389999999660000,720800.710000000890000
291,1261.000000000000000,1.000000000000000, ,236244.389999999660000,720800.929999999700000
292,1262.000000000000000,2.000000000000000, ,236255.870000000110000,720800.619999999180000
293,1263.000000000000000,2.000000000000000, ,236266.730000000450000,720800.410000000150000
294,1264.000000000000000,2.000000000000000, ,236279.049999999810000,720800.560000000520000
295,1265.000000000000000,2.000000000000000, ,236291.389999999660000,720800.900000000370000
296,1266.000000000000000,3.000000000000000, ,236303.530000000260000,720801.089999999850000
297,1267.000000000000000,3.000000000000000, ,236314.959999999960000,720801.000000000000000
298,1268.000000000000000,3.000000000000000, ,236326.730000000450000,720801.000000000000000
299,1269.000000000000000,3.000000000000000, ,236339.230000000450000,720801.019999999550000
300,1270.000000000000000,2.000000000000000, ,236352.309999999590000,720800.949999999250000
301,1271.000000000000000,2.000000000000000, ,236365.259999999780000,720801.140000000600000
302,1272.000000000000000,2.000000000000000, ,236377.339999999850000,720801.599999999630000
303,1273.000000000000000,2.000000000000000, ,236388.299999999810000,720801.689999999480000
304,1274.000000000000000,3.000000000000000, ,236399.240000000220000,720801.689999999480000
305,1275.000000000000000,3.000000000000000, ,236411.360000000340000,720800.929999999700000
306,1276.000000000000000,3.000000000000000, ,236423.349999999630000,720801.699999999250000
307,1277.000000000000000,2.000000000000000, ,236435.009999999780000,720801.810000000520000
308,1278.000000000000000,2.000000000000000, ,236446.339999999850000,720802.580000000070000
309,1279.000000000000000,2.000000000000000, ,236447.690000000410000,720778.519999999550000
310,1280.000000000000000,3.000000000000000, ,236436.139999999660000,720778.849999999630000
311,1281.000000000000000,3.000000000000000, ,236423.169999999930000,720778.500000000000000
312,1282.000000000000000,3.000000000000000, ,236410.610000000340000,720777.980000000450000
313,1283.000000000000000,3.000000000000000, ,236399.280000000260000,720777.769999999550000
314,1284.000000000000000,3.000000000000000, ,236387.740000000220000,720777.779999999330000
315,1285.000000000000000,2.000000000000000, ,236375.209999999960000,720777.890000000600000
316,1286.000000000000000,3.000000000000000, ,236361.580000000070000,720777.609999999400000
317,1287.000000000000000,3.000000000000000, ,236351.730000000450000,720777.589999999850000
318,1288.000000000000000,3.000000000000000, ,236340.290000000040000,720777.699999999250000
319,1289.000000000000000,3.000000000000000, ,236329.110000000340000,720777.990000000220000
320,1290.000000000000000,3.000000000000000, ,236318.830000000070000,720777.960000000890000
321,1291.000000000000000,2.000000000000000, ,236307.740000000220000,720777.779999999330000
322,1292.000000000000000,2.000000000000000, ,236296.190000000410000,720777.939999999480000
323,1293.000000000000000,2.000000000000000, ,236284.830000000070000,720778.140000000600000
324,1294.000000000000000,2.000000000000000, ,236273.169999999930000,720778.029999999330000
325,1295.000000000000000,1.000000000000000, ,236261.820000000300000,720778.109999999400000
326,1296.000000000000000,2.000000000000000, ,236251.110000000340000,720777.869999999180000
327,1297.000000000000000,1.000000000000000, ,236239.049999999810000,720777.869999999180000
328,1298.000000000000000,1.000000000000000, ,236226.929999999700000,720777.730000000450000
329,1299.000000000000000,1.000000000000000, ,236214.480000000450000,720777.750000000000000
330,1300.000000000000000,1.000000000000000, ,236202.389999999660000,720777.800000000750000
331,1301.000000000000000,1.000000000000000, ,236190.179999999700000,720777.470000000670000
332,1302.000000000000000,1.000000000000000, ,236180.169999999930000,720777.470000000670000
333,1303.000000000000000,1.000000000000000, ,236168.950000000190000,720777.910000000150000
334,1304.000000000000000,1.000000000000000, ,236157.839999999850000,720777.519999999550000
335,1305.000000000000000,1.000000000000000, ,236146.160000000150000,720777.509999999780000
336,1306.000000000000000,1.000000000000000, ,236133.929999999700000,720777.490000000220000
337,1307.000000000000000,1.000000000000000, ,236122.889999999660000,720777.500000000000000
338,1308.000000000000000,1.000000000000000, ,236109.719999999740000,720777.419999999930000
339,1309.000000000000000,1.000000000000000, ,236097.290000000040000,720777.429999999700000
340,1310.000000000000000,1.000000000000000, ,236085.849999999630000,720777.210000000890000
341,1311.000000000000000,1.000000000000000, ,236073.120000000110000,720777.150000000370000
342,1312.000000000000000,1.000000000000000, ,236062.339999999850000,720776.929999999700000
343,1313.000000000000000,1.000000000000000, ,236049.370000000110000,720777.279999999330000
344,1314.000000000000000,1.000000000000000, ,236037.990000000220000,720776.890000000600000
345,1315.000000000000000,1.000000000000000, ,236025.580000000070000,720776.750000000000000
346,1316.000000000000000,1.000000000000000, ,236013.830000000070000,720777.119999999180000
347,1317.000000000000000,1.000000000000000, ,236002.690000000410000,720777.349999999630000
348,1318.000000000000000,1.000000000000000, ,235990.809999999590000,720777.140000000600000
349,1319.000000000000000,1.000000000000000, ,235979.370000000110000,720777.029999999330000
350,1320.000000000000000,1.000000000000000, ,235966.830000000070000,720777.250000000000000
351,1321.000000000000000,1.000000000000000, ,235956.820000000300000,720777.359999999400000
352,1322.000000000000000,1.000000000000000, ,235945.709999999960000,720777.689999999480000
353,1323.000000000000000,1.000000000000000, ,235935.360000000340000,720777.490000000220000
354,1324.000000000000000,1.000000000000000, ,235928.490000000220000,720754.189999999480000
355,1325.000000000000000,1.000000000000000, ,235939.049999999810000,720753.970000000670000
356,1326.000000000000000,1.000000000000000, ,235950.320000000300000,720754.169999999930000
357,1327.000000000000000,1.000000000000000, ,235961.809999999590000,720754.099999999630000
358,1328.000000000000000,1.000000000000000, ,235972.740000000220000,720754.580000000070000
359,1329.000000000000000,1.000000000000000, ,235985.190000000410000,720754.250000000000000
360,1330.000000000000000,1.000000000000000, ,235997.139999999660000,720754.130000000820000
361,1331.000000000000000,1.000000000000000, ,236008.799999999810000,720754.019999999550000
362,1332.000000000000000,1.000000000000000, ,236020.240000000220000,720754.019999999550000
363,1333.000000000000000,1.000000000000000, ,236032.889999999660000,720754.250000000000000
364,1334.000000000000000,1.000000000000000, ,236045.099999999630000,720754.359999999400000
365,1335.000000000000000,1.000000000000000, ,236057.780000000260000,720754.390000000600000
366,1336.000000000000000,1.000000000000000, ,236070.320000000300000,720754.509999999780000
367,1337.000000000000000,1.000000000000000, ,236080.990000000220000,720754.400000000370000
368,1338.000000000000000,1.000000000000000, ,236095.700000000190000,720754.589999999850000
369,1339.000000000000000,1.000000000000000, ,236108.780000000260000,720754.910000000150000
370,1340.000000000000000,1.000000000000000, ,236120.990000000220000,720754.800000000750000
371,1341.000000000000000,1.000000000000000, ,236133.089999999850000,720755.130000000820000
372,1342.000000000000000,1.000000000000000, ,236145.690000000410000,720754.910000000150000
373,1343.000000000000000,1.000000000000000, ,236158.339999999850000,720755.029999999330000
374,1344.000000000000000,1.000000000000000, ,236169.889999999660000,720755.140000000600000
375,1345.000000000000000,1.000000000000000, ,236182.099999999630000,720754.919999999930000
376,1346.000000000000000,1.000000000000000, ,236194.750000000000000,720755.029999999330000
377,1347.000000000000000,1.000000000000000, ,236206.190000000410000,720755.009999999780000
378,1348.000000000000000,1.000000000000000, ,236218.400000000370000,720755.230000000450000
379,1349.000000000000000,1.000000000000000, ,236228.910000000150000,720755.220000000670000
380,1350.000000000000000,1.000000000000000, ,236239.500000000000000,720755.189999999480000
381,1351.000000000000000,1.000000000000000, ,236250.730000000450000,720755.160000000150000
382,1352.000000000000000,1.000000000000000, ,236262.400000000370000,720755.199999999250000
383,1353.000000000000000,1.000000000000000, ,236274.730000000450000,720755.519999999550000
384,1354.000000000000000,2.000000000000000, ,236286.500000000000000,720755.410000000150000
385,1355.000000000000000,2.000000000000000, ,236298.730000000450000,720755.560000000520000
386,1356.000000000000000,3.000000000000000, ,236311.160000000150000,720755.490000000220000
387,1357.000000000000000,3.000000000000000, ,236322.990000000220000,720756.119999999180000
388,1358.000000000000000,3.000000000000000, ,236334.700000000190000,720755.550000000750000
389,1359.000000000000000,3.000000000000000, ,236345.089999999850000,720755.269999999550000
390,1360.000000000000000,3.000000000000000, ,236355.650000000370000,720755.710000000890000
391,1361.000000000000000,3.000000000000000, ,236365.839999999850000,720755.490000000220000
392,1362.000000000000000,3.000000000000000, ,236380.049999999810000,720755.460000000890000
393,1363.000000000000000,3.000000000000000, ,236393.219999999740000,720755.490000000220000
394,1364.000000000000000,3.000000000000000, ,236403.769999999550000,720755.560000000520000
395,1365.000000000000000,3.000000000000000, ,236414.320000000300000,720755.439999999480000
396,1366.000000000000000,3.000000000000000, ,236425.870000000110000,720755.990000000220000
397,1367.000000000000000,2.000000000000000, ,236436.589999999850000,720755.900000000370000
398,1368.000000000000000,2.000000000000000,Only north side,236427.410000000150000,720732.789999999110000
399,1369.000000000000000,2.000000000000000,Only north side,236416.330000000070000,720732.419999999930000
400,1370.000000000000000,2.000000000000000,Only north side,236404.259999999780000,720731.650000000370000
401,1371.000000000000000,2.000000000000000, ,236386.150000000370000,720732.470000000670000
402,1372.000000000000000,2.000000000000000, ,236375.889999999660000,720732.070000000300000
403,1373.000000000000000,2.000000000000000, ,236365.879999999890000,720732.509999999780000
404,1374.000000000000000,2.000000000000000, ,236353.799999999810000,720732.640000000600000
405,1375.000000000000000,2.000000000000000, ,236344.009999999780000,720732.560000000520000
406,1376.000000000000000,2.000000000000000, ,236332.580000000070000,720732.109999999400000
407,1377.000000000000000,2.000000000000000, ,236322.679999999700000,720732.339999999850000
408,1378.000000000000000,2.000000000000000, ,236310.030000000260000,720732.339999999850000
409,1379.000000000000000,2.000000000000000, ,236298.480000000450000,720732.449999999250000
410,1380.000000000000000,2.000000000000000, ,236287.040000000040000,720732.560000000520000
411,1381.000000000000000,2.000000000000000, ,236276.150000000370000,720732.339999999850000
412,1382.000000000000000,2.000000000000000, ,236264.040000000040000,720732.150000000370000
413,1383.000000000000000,1.000000000000000, ,236251.929999999700000,720732.109999999400000
414,1384.000000000000000,1.000000000000000, ,236241.129999999890000,720731.849999999630000
415,1385.000000000000000,1.000000000000000, ,236228.620000000110000,720731.810000000520000
416,1386.000000000000000,1.000000000000000, ,236217.580000000070000,720731.750000000000000
417,1387.000000000000000,1.000000000000000, ,236207.349999999630000,720732.300000000750000
418,1388.000000000000000,1.000000000000000, ,236196.469999999740000,720731.740000000220000
419,1389.000000000000000,1.000000000000000, ,236185.910000000150000,720732.230000000450000
420,1390.000000000000000,1.000000000000000, ,236174.900000000370000,720732.230000000450000
421,1391.000000000000000,1.000000000000000, ,236164.349999999630000,720731.880000000820000
422,1392.000000000000000,1.000000000000000, ,236153.459999999960000,720731.990000000220000
423,1393.000000000000000,1.000000000000000, ,236141.570000000300000,720732.130000000820000
424,1394.000000000000000,1.000000000000000, ,236130.849999999630000,720731.960000000890000
425,1395.000000000000000,1.000000000000000, ,236120.219999999740000,720731.880000000820000
426,1396.000000000000000,0.000000000000000, ,236109.339999999850000,720731.839999999850000
427,1397.000000000000000,0.000000000000000, ,236099.330000000070000,720731.619999999180000
428,1398.000000000000000,0.000000000000000,Include water lines,236087.959999999960000,720731.410000000150000
429,1399.000000000000000,0.000000000000000, ,236077.410000000150000,720731.410000000150000
430,1400.000000000000000,1.000000000000000, ,236066.250000000000000,720731.330000000070000
431,1401.000000000000000,1.000000000000000, ,236054.190000000410000,720731.140000000600000
432,1402.000000000000000,1.000000000000000, ,236042.530000000260000,720731.259999999780000
433,1403.000000000000000,1.000000000000000, ,236032.190000000410000,720731.369999999180000
434,1404.000000000000000,1.000000000000000, ,236021.629999999890000,720731.369999999180000
435,1405.000000000000000,1.000000000000000, ,236010.139999999660000,720731.429999999700000
436,1406.000000000000000,1.000000000000000, ,235999.330000000070000,720731.720000000670000
437,1407.000000000000000,1.000000000000000, ,235986.839999999850000,720731.460000000890000
438,1408.000000000000000,1.000000000000000, ,235975.650000000370000,720731.769999999550000
439,1409.000000000000000,1.000000000000000, ,235963.990000000220000,720731.769999999550000
440,1410.000000000000000,1.000000000000000, ,235953.209999999960000,720731.550000000750000
441,1411.000000000000000,1.000000000000000, ,235942.980000000450000,720731.769999999550000
442,1412.000000000000000,1.000000000000000, ,235933.169999999930000,720731.779999999330000
443,1413.000000000000000,1.000000000000000, ,235922.839999999850000,720705.490000000220000
444,1414.000000000000000,1.000000000000000, ,235934.389999999660000,720705.380000000820000
445,1415.000000000000000,0.000000000000000, ,235947.370000000110000,720704.929999999700000
446,1416.000000000000000,1.000000000000000, ,235957.950000000190000,720704.929999999700000
447,1417.000000000000000,1.000000000000000, ,235967.849999999630000,720704.929999999700000
448,1418.000000000000000,1.000000000000000, ,235978.169999999930000,720704.789999999110000
449,1419.000000000000000,1.000000000000000, ,235987.410000000150000,720705.009999999780000
450,1420.000000000000000,1.000000000000000, ,236000.299999999810000,720704.750000000000000
451,1421.000000000000000,1.000000000000000, ,236011.839999999850000,720704.890000000600000
452,1422.000000000000000,1.000000000000000, ,236023.030000000260000,720704.750000000000000
453,1423.000000000000000,1.000000000000000, ,236034.349999999630000,720704.820000000300000
454,1424.000000000000000,1.000000000000000, ,236047.309999999590000,720704.480000000450000
455,1425.000000000000000,1.000000000000000, ,236060.070000000300000,720704.589999999850000
456,1426.000000000000000,1.000000000000000, ,236071.290000000040000,720704.589999999850000
457,1427.000000000000000,1.000000000000000, ,236081.299999999810000,720704.699999999250000
458,1428.000000000000000,1.000000000000000, ,236093.040000000040000,720704.580000000070000
459,1429.000000000000000,1.000000000000000, ,236103.610000000340000,720704.820000000300000
460,1430.000000000000000,1.000000000000000, ,236113.360000000340000,720704.919999999930000
461,1431.000000000000000,1.000000000000000, ,236124.500000000000000,720705.070000000300000
462,1432.000000000000000,1.000000000000000, ,236135.169999999930000,720705.289999999110000
463,1433.000000000000000,1.000000000000000, ,236146.540000000040000,720705.349999999630000
464,1434.000000000000000,1.000000000000000, ,236158.330000000070000,720705.089999999850000
465,1435.000000000000000,1.000000000000000, ,236168.940000000410000,720705.009999999780000
466,1436.000000000000000,1.000000000000000, ,236181.330000000070000,720705.119999999180000
467,1437.000000000000000,1.000000000000000, ,236192.990000000220000,720705.130000000820000
468,1438.000000000000000,1.000000000000000, ,236203.549999999810000,720704.910000000150000
469,1439.000000000000000,1.000000000000000, ,236212.570000000300000,720705.130000000820000
470,1440.000000000000000,1.000000000000000, ,236223.129999999890000,720705.070000000300000
471,1441.000000000000000,1.000000000000000, ,236233.959999999960000,720705.150000000370000
472,1442.000000000000000,1.000000000000000, ,236244.839999999850000,720705.179999999700000
473,1443.000000000000000,2.000000000000000, ,236255.730000000450000,720705.509999999780000
474,1444.000000000000000,2.000000000000000, ,236266.870000000110000,720705.529999999330000
475,1445.000000000000000,2.000000000000000, ,236277.419999999930000,720705.609999999400000
476,1446.000000000000000,2.000000000000000, ,236287.790000000040000,720705.730000000450000
477,1447.000000000000000,2.000000000000000, ,236298.900000000370000,720705.730000000450000
478,1448.000000000000000,3.000000000000000, ,236309.129999999890000,720705.839999999850000
479,1449.000000000000000,3.000000000000000, ,236319.469999999740000,720706.060000000520000
480,1450.000000000000000,2.000000000000000, ,236331.089999999850000,720705.960000000890000
481,1451.000000000000000,2.000000000000000, ,236343.110000000340000,720705.900000000370000
482,1452.000000000000000,2.000000000000000, ,236353.709999999960000,720705.830000000070000
483,1453.000000000000000,2.000000000000000, ,236364.250000000000000,720705.880000000820000
484,1454.000000000000000,2.000000000000000, ,236374.700000000190000,720706.210000000890000
485,1455.000000000000000,2.000000000000000, ,236384.080000000070000,720706.269999999550000
486,1456.000000000000000,1.000000000000000, ,236386.370000000110000,720681.720000000670000
487,1457.000000000000000,1.000000000000000, ,236375.150000000370000,720683.039999999110000
488,1458.000000000000000,1.000000000000000, ,236365.230000000450000,720682.769999999550000
489,1459.000000000000000,1.000000000000000, ,236353.610000000340000,720683.009999999780000
490,1460.000000000000000,1.000000000000000, ,236343.440000000410000,720682.689999999480000
491,1461.000000000000000,1.000000000000000, ,236332.669999999930000,720682.779999999330000
492,1462.000000000000000,2.000000000000000, ,236320.309999999590000,720682.949999999250000
493,1463.000000000000000,2.000000000000000, ,236309.530000000260000,720682.839999999850000
494,1464.000000000000000,2.000000000000000, ,236298.629999999890000,720682.580000000070000
495,1465.000000000000000,2.000000000000000, ,236287.969999999740000,720682.650000000370000
496,1466.000000000000000,1.000000000000000, ,236276.969999999740000,720682.849999999630000
497,1467.000000000000000,1.000000000000000, ,236268.719999999740000,720682.519999999550000
498,1468.000000000000000,1.000000000000000, ,236258.639999999660000,720681.820000000300000
499,1469.000000000000000,1.000000000000000, ,236246.629999999890000,720680.009999999780000
500,1470.000000000000000,1.000000000000000, ,236236.099999999630000,720680.539999999110000
501,1471.000000000000000,1.000000000000000, ,236225.320000000300000,720680.330000000070000
502,1472.000000000000000,1.000000000000000, ,236213.990000000220000,720680.439999999480000
503,1473.000000000000000,1.000000000000000, ,236204.750000000000000,720680.880000000820000
504,1474.000000000000000,0.000000000000000, ,236193.400000000370000,720680.470000000670000
505,1475.000000000000000,1.000000000000000, ,236183.120000000110000,720680.289999999110000
506,1476.000000000000000,1.000000000000000, ,236172.120000000110000,720680.730000000450000
507,1477.000000000000000,1.000000000000000, ,236161.780000000260000,720680.619999999180000
508,1478.000000000000000,1.000000000000000, ,236150.360000000340000,720680.029999999330000
509,1479.000000000000000,1.000000000000000, ,236138.429999999700000,720680.240000000220000
510,1480.000000000000000,1.000000000000000, ,236127.129999999890000,720680.429999999700000
511,1481.000000000000000,1.000000000000000, ,236117.450000000190000,720680.650000000370000
512,1482.000000000000000,1.000000000000000, ,236106.009999999780000,720680.330000000070000
513,1483.000000000000000,0.000000000000000, ,236095.559999999590000,720679.230000000450000
514,1484.000000000000000,0.000000000000000,Include water lines,236085.660000000150000,720679.890000000600000
515,1485.000000000000000,0.000000000000000, ,236072.349999999630000,720679.890000000600000
516,1486.000000000000000,1.000000000000000, ,236061.480000000450000,720679.310000000520000
517,1487.000000000000000,1.000000000000000, ,236051.139999999660000,720679.419999999930000
518,1488.000000000000000,1.000000000000000, ,236039.150000000370000,720679.109999999400000
519,1489.000000000000000,1.000000000000000, ,236026.940000000410000,720679.220000000670000
520,1490.000000000000000,0.000000000000000, ,236013.809999999590000,720679.400000000370000
521,1491.000000000000000,0.000000000000000, ,236004.459999999960000,720680.390000000600000
522,1492.000000000000000,1.000000000000000, ,235992.799999999810000,720680.609999999400000
523,1493.000000000000000,0.000000000000000, ,235980.820000000300000,720680.109999999400000
524,1494.000000000000000,1.000000000000000, ,235969.820000000300000,720679.730000000450000
525,1495.000000000000000,0.000000000000000, ,235960.799999999810000,720679.619999999180000
526,1496.000000000000000,0.000000000000000, ,235949.879999999890000,720680.119999999180000
527,1497.000000000000000,1.000000000000000, ,235940.530000000260000,720680.230000000450000
528,1498.000000000000000,1.000000000000000, ,235930.740000000220000,720680.119999999180000
529,1499.000000000000000,1.000000000000000, ,235916.059999999590000,720656.060000000520000
530,1500.000000000000000,1.000000000000000, ,235927.389999999660000,720655.289999999110000
531,1501.000000000000000,0.000000000000000, ,235937.509999999780000,720654.740000000220000
532,1502.000000000000000,0.000000000000000, ,235945.650000000370000,720654.849999999630000
533,1503.000000000000000,0.000000000000000, ,235957.089999999850000,720655.119999999180000
534,1504.000000000000000,0.000000000000000, ,235966.440000000410000,720655.339999999850000
535,1505.000000000000000,1.000000000000000, ,235976.120000000110000,720654.789999999110000
536,1506.000000000000000,0.000000000000000, ,235986.950000000190000,720654.890000000600000
537,1507.000000000000000,0.000000000000000, ,235998.389999999660000,720654.669999999930000
538,1508.000000000000000,0.000000000000000, ,236007.910000000150000,720654.470000000670000
539,1509.000000000000000,0.000000000000000, ,236017.040000000040000,720654.910000000150000
540,1510.000000000000000,1.000000000000000, ,236028.070000000300000,720654.730000000450000
541,1511.000000000000000,0.000000000000000, ,236038.200000000190000,720654.589999999850000
542,1512.000000000000000,0.000000000000000, ,236048.870000000110000,720654.929999999700000
543,1513.000000000000000,0.000000000000000, ,236058.769999999550000,720655.259999999780000
544,1514.000000000000000,0.000000000000000, ,236067.790000000040000,720655.259999999780000
545,1515.000000000000000,0.000000000000000, ,236079.730000000450000,720654.800000000750000
546,1516.000000000000000,0.000000000000000, ,236091.139999999660000,720655.230000000450000
547,1517.000000000000000,0.000000000000000, ,236101.150000000370000,720655.119999999180000
548,1518.000000000000000,0.000000000000000, ,236113.150000000370000,720655.009999999780000
549,1519.000000000000000,0.000000000000000, ,236123.490000000220000,720654.900000000370000
550,1520.000000000000000,0.000000000000000, ,236134.320000000300000,720655.099999999630000
551,1521.000000000000000,0.000000000000000, ,236144.000000000000000,720654.880000000820000
552,1522.000000000000000,1.000000000000000, ,236153.860000000340000,720655.099999999630000
553,1523.000000000000000,1.000000000000000, ,236163.650000000370000,720655.650000000370000
554,1524.000000000000000,0.000000000000000, ,236173.820000000300000,720655.460000000890000
555,1525.000000000000000,0.000000000000000, ,236183.940000000410000,720655.349999999630000
556,1526.000000000000000,0.000000000000000, ,236194.910000000150000,720655.910000000150000
557,1527.000000000000000,0.000000000000000, ,236207.160000000150000,720655.859999999400000
558,1528.000000000000000,0.000000000000000, ,236216.040000000040000,720655.769999999550000
559,1529.000000000000000,0.000000000000000, ,236227.589999999850000,720655.550000000750000
560,1530.000000000000000,0.000000000000000, ,236237.780000000260000,720656.220000000670000
561,1531.000000000000000,1.000000000000000, ,236247.240000000220000,720655.890000000600000
562,1532.000000000000000,1.000000000000000, ,236259.370000000110000,720655.710000000890000
563,1533.000000000000000,1.000000000000000, ,236267.950000000190000,720656.259999999780000
564,1534.000000000000000,1.000000000000000, ,236279.570000000300000,720656.160000000150000
565,1535.000000000000000,1.000000000000000, ,236291.309999999590000,720656.289999999110000
566,1536.000000000000000,1.000000000000000, ,236302.530000000260000,720656.400000000370000
567,1537.000000000000000,1.000000000000000, ,236313.469999999740000,720656.660000000150000
568,1538.000000000000000,1.000000000000000, ,236324.240000000220000,720656.339999999850000
569,1539.000000000000000,1.000000000000000, ,236335.059999999590000,720656.619999999180000
570,1540.000000000000000,1.000000000000000, ,236346.839999999850000,720656.789999999110000
571,1541.000000000000000,1.000000000000000, ,236358.169999999930000,720656.789999999110000
572,1542.000000000000000,1.000000000000000, ,236368.429999999700000,720656.900000000370000
573,1543.000000000000000,1.000000000000000, ,236355.429999999700000,720633.560000000520000
574,1544.000000000000000,1.000000000000000, ,236343.120000000110000,720633.630000000820000
575,1545.000000000000000,1.000000000000000, ,236332.120000000110000,720633.630000000820000
576,1546.000000000000000,1.000000000000000, ,236320.240000000220000,720633.300000000750000
577,1547.000000000000000,1.000000000000000, ,236310.250000000000000,720632.439999999480000
578,1548.000000000000000,1.000000000000000, ,236299.799999999810000,720632.550000000750000
579,1549.000000000000000,1.000000000000000, ,236288.209999999960000,720632.740000000220000
580,1550.000000000000000,1.000000000000000, ,236279.299999999810000,720633.179999999700000
581,1551.000000000000000,1.000000000000000, ,236266.950000000190000,720632.789999999110000
582,1552.000000000000000,1.000000000000000, ,236256.280000000260000,720632.570000000300000
583,1553.000000000000000,1.000000000000000, ,236244.839999999850000,720632.419999999930000
584,1554.000000000000000,1.000000000000000, ,236232.480000000450000,720632.419999999930000
585,1555.000000000000000,1.000000000000000, ,236219.809999999590000,720632.119999999180000
586,1556.000000000000000,0.000000000000000, ,236208.690000000410000,720632.220000000670000
587,1557.000000000000000,0.000000000000000, ,236198.129999999890000,720632.109999999400000
588,1558.000000000000000,0.000000000000000, ,236187.150000000370000,720631.740000000220000
589,1559.000000000000000,0.000000000000000, ,236177.530000000260000,720632.320000000300000
590,1560.000000000000000,0.000000000000000, ,236166.419999999930000,720632.539999999110000
591,1561.000000000000000,0.000000000000000, ,236154.209999999960000,720632.330000000070000
592,1562.000000000000000,0.000000000000000, ,236141.620000000110000,720632.070000000300000
593,1563.000000000000000,0.000000000000000, ,236132.049999999810000,720631.960000000890000
594,1564.000000000000000,0.000000000000000, ,236119.790000000040000,720631.720000000670000
595,1565.000000000000000,1.000000000000000, ,236109.889999999660000,720631.609999999400000
596,1566.000000000000000,0.000000000000000, ,236097.929999999700000,720631.900000000370000
597,1567.000000000000000,0.000000000000000, ,236086.000000000000000,720631.859999999400000
598,1568.000000000000000,0.000000000000000, ,236075.500000000000000,720631.849999999630000
599,1569.000000000000000,0.000000000000000, ,236064.280000000260000,720631.849999999630000
600,1570.000000000000000,0.000000000000000, ,236054.599999999630000,720631.960000000890000
601,1571.000000000000000,0.000000000000000, ,236038.259999999780000,720631.820000000300000
602,1572.000000000000000,0.000000000000000, ,236026.759999999780000,720631.580000000070000
603,1573.000000000000000,0.000000000000000, ,236016.200000000190000,720632.240000000220000
604,1574.000000000000000,0.000000000000000, ,236003.780000000260000,720632.050000000750000
605,1575.000000000000000,0.000000000000000, ,235991.360000000340000,720632.490000000220000
606,1576.000000000000000,0.000000000000000, ,235982.559999999590000,720631.939999999480000
607,1577.000000000000000,0.000000000000000, ,235972.440000000410000,720631.939999999480000
608,1578.000000000000000,1.000000000000000, ,235960.599999999630000,720632.060000000520000
609,1579.000000000000000,0.000000000000000, ,235949.629999999890000,720631.929999999700000
610,1580.000000000000000,0.000000000000000, ,235940.389999999660000,720633.580000000070000
611,1581.000000000000000,1.000000000000000, ,235929.139999999660000,720633.199999999250000
612,1582.000000000000000,1.000000000000000, ,235919.349999999630000,720632.320000000300000
613,1583.000000000000000,1.000000000000000, ,235910.129999999890000,720596.669999999930000
614,1584.000000000000000,1.000000000000000, ,235920.030000000260000,720597.439999999480000
615,1585.000000000000000,0.000000000000000, ,235932.919999999930000,720596.519999999550000
616,1586.000000000000000,0.000000000000000, ,235944.580000000070000,720597.070000000300000
617,1587.000000000000000,0.000000000000000, ,235957.299999999810000,720596.779999999330000
618,1588.000000000000000,0.000000000000000, ,235966.830000000070000,720597.259999999780000
619,1589.000000000000000,0.000000000000000, ,235978.379999999890000,720597.230000000450000
620,1590.000000000000000,0.000000000000000, ,235991.750000000000000,720596.650000000370000
621,1591.000000000000000,0.000000000000000, ,236001.429999999700000,720596.650000000370000
622,1592.000000000000000,0.000000000000000, ,236013.700000000190000,720596.849999999630000
623,1593.000000000000000,0.000000000000000, ,236025.309999999590000,720596.539999999110000
624,1594.000000000000000,0.000000000000000, ,236036.830000000070000,720596.400000000370000
625,1595.000000000000000,0.000000000000000, ,236050.219999999740000,720596.500000000000000
626,1596.000000000000000,0.000000000000000, ,236061.500000000000000,720596.740000000220000
627,1597.000000000000000,0.000000000000000, ,236072.610000000340000,720596.630000000820000
628,1598.000000000000000,1.000000000000000, ,236083.990000000220000,720597.330000000070000
629,1599.000000000000000,1.000000000000000, ,236096.080000000070000,720596.810000000520000
630,1600.000000000000000,1.000000000000000, ,236107.950000000190000,720596.849999999630000
631,1601.000000000000000,1.000000000000000, ,236120.049999999810000,720596.320000000300000
632,1602.000000000000000,1.000000000000000, ,236130.280000000260000,720596.320000000300000
633,1603.000000000000000,0.000000000000000, ,236142.080000000070000,720596.820000000300000
634,1604.000000000000000,0.000000000000000, ,236152.530000000260000,720596.929999999700000
635,1605.000000000000000,0.000000000000000, ,236165.139999999660000,720597.800000000750000
636,1606.000000000000000,0.000000000000000, ,236178.480000000450000,720597.890000000600000
637,1607.000000000000000,0.000000000000000, ,236190.740000000220000,720597.800000000750000
638,1608.000000000000000,1.000000000000000, ,236203.120000000110000,720597.400000000370000
639,1609.000000000000000,1.000000000000000, ,236214.150000000370000,720597.660000000150000
640,1610.000000000000000,1.000000000000000, ,236225.040000000040000,720598.160000000150000
641,1611.000000000000000,1.000000000000000, ,236235.599999999630000,720597.720000000670000
642,1612.000000000000000,1.000000000000000, ,236249.450000000190000,720597.560000000520000
643,1613.000000000000000,1.000000000000000, ,236258.139999999660000,720598.220000000670000
644,1614.000000000000000,1.000000000000000, ,236269.519999999550000,720597.769999999550000
645,1615.000000000000000,1.000000000000000, ,236283.070000000300000,720597.779999999330000
646,1616.000000000000000,1.000000000000000, ,236295.839999999850000,720598.279999999330000
647,1617.000000000000000,1.000000000000000, ,236307.169999999930000,720598.060000000520000
648,1618.000000000000000,1.000000000000000, ,236318.429999999700000,720597.380000000820000
649,1619.000000000000000,1.000000000000000, ,236202.910000000150000,720573.929999999700000
650,1620.000000000000000,0.000000000000000, ,236188.839999999850000,720573.000000000000000
651,1621.000000000000000,0.000000000000000, ,236175.860000000340000,720572.900000000370000
652,1622.000000000000000,1.000000000000000, ,236163.540000000040000,720572.570000000300000
653,1623.000000000000000,0.000000000000000, ,236151.730000000450000,720573.089999999850000
654,1624.000000000000000,1.000000000000000, ,236141.830000000070000,720572.980000000450000
655,1625.000000000000000,1.000000000000000, ,236130.660000000150000,720572.769999999550000
656,1626.000000000000000,1.000000000000000, ,236119.700000000190000,720572.689999999480000
657,1627.000000000000000,1.000000000000000, ,236107.009999999780000,720572.410000000150000
658,1628.000000000000000,1.000000000000000, ,236095.769999999550000,720572.699999999250000
659,1629.000000000000000,1.000000000000000, ,236083.429999999700000,720572.509999999780000
660,1630.000000000000000,1.000000000000000, ,236071.549999999810000,720572.619999999180000
661,1631.000000000000000,0.000000000000000, ,236059.330000000070000,720572.570000000300000
662,1632.000000000000000,0.000000000000000, ,236049.099999999630000,720573.119999999180000
663,1633.000000000000000,0.000000000000000, ,236036.750000000000000,720572.300000000750000
664,1634.000000000000000,1.000000000000000, ,236022.339999999850000,720572.529999999330000
665,1635.000000000000000,1.000000000000000, ,236009.860000000340000,720572.929999999700000
666,1636.000000000000000,0.000000000000000, ,235997.940000000410000,720572.039999999110000
667,1637.000000000000000,0.000000000000000, ,235988.919999999930000,720572.589999999850000
668,1638.000000000000000,0.000000000000000, ,235977.469999999740000,720572.919999999930000
669,1639.000000000000000,0.000000000000000, ,235964.440000000410000,720572.640000000600000
670,1640.000000000000000,0.000000000000000, ,235952.750000000000000,720572.640000000600000
671,1641.000000000000000,0.000000000000000, ,235941.509999999780000,720572.980000000450000
672,1642.000000000000000,0.000000000000000, ,235931.280000000260000,720573.199999999250000
673,1643.000000000000000,0.000000000000000, ,235919.730000000450000,720572.869999999180000
674,1644.000000000000000,0.000000000000000, ,235910.250000000000000,720572.849999999630000
675,1645.000000000000000,1.000000000000000, ,235903.080000000070000,720536.179999999700000
676,1646.000000000000000,0.000000000000000, ,235915.179999999700000,720536.519999999550000
677,1647.000000000000000,0.000000000000000, ,235926.179999999700000,720535.859999999400000
678,1648.000000000000000,0.000000000000000, ,235936.410000000150000,720535.970000000670000
679,1649.000000000000000,1.000000000000000, ,235949.309999999590000,720535.990000000220000
680,1650.000000000000000,0.000000000000000, ,235959.860000000340000,720536.380000000820000
681,1651.000000000000000,0.000000000000000, ,235969.980000000450000,720536.050000000750000
682,1652.000000000000000,1.000000000000000, ,235981.610000000340000,720535.599999999630000
683,1653.000000000000000,0.000000000000000, ,235993.580000000070000,720535.750000000000000
684,1654.000000000000000,0.000000000000000, ,236003.809999999590000,720535.750000000000000
685,1655.000000000000000,1.000000000000000, ,236017.679999999700000,720535.669999999930000
686,1656.000000000000000,0.000000000000000, ,236028.240000000220000,720535.449999999250000
687,1657.000000000000000,1.000000000000000, ,236041.139999999660000,720535.300000000750000
688,1658.000000000000000,1.000000000000000, ,236050.490000000220000,720535.519999999550000
689,1659.000000000000000,0.000000000000000, ,236062.400000000370000,720535.179999999700000
690,1660.000000000000000,0.000000000000000, ,236071.419999999930000,720534.849999999630000
691,1661.000000000000000,1.000000000000000, ,236084.759999999780000,720534.820000000300000
692,1662.000000000000000,1.000000000000000, ,236094.440000000410000,720535.150000000370000
693,1663.000000000000000,1.000000000000000, ,236106.469999999740000,720534.640000000600000
694,1664.000000000000000,1.000000000000000, ,236119.169999999930000,720535.359999999400000
695,1665.000000000000000,0.000000000000000, ,236109.320000000300000,720500.400000000370000
696,1666.000000000000000,1.000000000000000, ,236097.910000000150000,720500.359999999400000
697,1667.000000000000000,1.000000000000000, ,236084.700000000190000,720499.080000000070000
698,1668.000000000000000,1.000000000000000, ,236073.440000000410000,720499.349999999630000
699,1669.000000000000000,1.000000000000000, ,236062.990000000220000,720500.119999999180000
700,1670.000000000000000,1.000000000000000, ,236048.940000000410000,720499.710000000890000
701,1671.000000000000000,1.000000000000000, ,236037.830000000070000,720500.150000000370000
702,1672.000000000000000,1.000000000000000, ,236026.009999999780000,720500.259999999780000
703,1673.000000000000000,1.000000000000000, ,236015.519999999550000,720499.269999999550000
704,1674.000000000000000,1.000000000000000, ,236006.059999999590000,720499.820000000300000
705,1675.000000000000000,0.000000000000000, ,235994.629999999890000,720499.000000000000000
706,1676.000000000000000,1.000000000000000, ,235985.830000000070000,720501.970000000670000
707,1677.000000000000000,1.000000000000000, ,235972.629999999890000,720499.990000000220000
708,1678.000000000000000,1.000000000000000, ,235959.900000000370000,720500.539999999110000
709,1679.000000000000000,1.000000000000000, ,235946.549999999810000,720500.089999999850000
710,1680.000000000000000,1.000000000000000, ,235935.089999999850000,720500.789999999110000
711,1681.000000000000000,1.000000000000000, ,235923.139999999660000,720500.839999999850000
712,1682.000000000000000,1.000000000000000, ,235913.349999999630000,720500.619999999180000
713,1683.000000000000000,1.000000000000000, ,235901.440000000410000,720500.890000000600000
714,1684.000000000000000,0.000000000000000,Risus demege,235898.349999999630000,720477.859999999400000
715,1685.000000000000000,0.000000000000000, ,235910.580000000070000,720477.589999999850000
716,1686.000000000000000,0.000000000000000, ,235920.629999999890000,720477.140000000600000
717,1687.000000000000000,0.000000000000000, ,235929.980000000450000,720477.800000000750000
718,1688.000000000000000,0.000000000000000, ,235945.299999999810000,720477.179999999700000
719,1689.000000000000000,0.000000000000000, ,235956.209999999960000,720477.109999999400000
720,1690.000000000000000,0.000000000000000, ,235967.410000000150000,720477.179999999700000
721,1691.000000000000000,0.000000000000000, ,235980.169999999930000,720476.849999999630000
722,1692.000000000000000,0.000000000000000, ,235993.429999999700000,720476.800000000750000
723,1693.000000000000000,0.000000000000000, ,236002.780000000260000,720476.580000000070000
724,1694.000000000000000,0.000000000000000, ,236014.669999999930000,720477.210000000890000
725,1695.000000000000000,0.000000000000000, ,236027.730000000450000,720476.789999999110000
726,1696.000000000000000,0.000000000000000, ,236040.219999999740000,720476.429999999700000
727,1697.000000000000000,0.000000000000000, ,236051.919999999930000,720476.650000000370000
728,1698.000000000000000,0.000000000000000, ,236065.110000000340000,720477.019999999550000
729,1699.000000000000000,0.000000000000000, ,236075.230000000450000,720477.130000000820000
730,1700.000000000000000,0.000000000000000, ,236088.190000000410000,720476.570000000300000
731,1701.000000000000000,0.000000000000000, ,236099.190000000410000,720476.789999999110000
732,1702.000000000000000,0.000000000000000, ,236059.160000000150000,720453.460000000890000
733,1703.000000000000000,0.000000000000000, ,236048.929999999700000,720453.570000000300000
734,1704.000000000000000,0.000000000000000, ,236038.150000000370000,720453.730000000450000
735,1705.000000000000000,0.000000000000000, ,236027.500000000000000,720453.669999999930000
736,1706.000000000000000,0.000000000000000, ,236017.000000000000000,720451.080000000070000
737,1707.000000000000000,0.000000000000000, ,236004.900000000370000,720453.169999999930000
738,1708.000000000000000,0.000000000000000, ,235991.919999999930000,720451.300000000750000
739,1709.000000000000000,0.000000000000000,Include water lines,235979.049999999810000,720451.279999999330000
740,1710.000000000000000,0.000000000000000, ,235968.160000000150000,720451.279999999330000
741,1711.000000000000000,0.000000000000000, ,235955.730000000450000,720451.169999999930000
742,1712.000000000000000,0.000000000000000, ,235943.990000000220000,720451.460000000890000
743,1713.000000000000000,0.000000000000000, ,235931.009999999780000,720451.679999999700000
744,1714.000000000000000,0.000000000000000, ,235917.370000000110000,720452.009999999780000
745,1715.000000000000000,0.000000000000000, ,235905.799999999810000,720451.929999999700000